	baseMean	log2FoldChange	lfcSE	stat	pvalue	padj
LOC_Os01g01610.MSUR7	17.3115232175376	3.50691261038207	0.859360394592836	4.08084039298047	4.48731615266983e-05	0.00173298198809086
LOC_Os01g01650.MSUR7	129.191500310288	-1.20451018303185	0.37352047048041	-3.22475012275137	0.0012608266425698	0.0314918598316379
LOC_Os01g03820.MSUR7	79.2795456565054	-1.87695969648556	0.440994496668152	-4.25619755046051	2.07932996373917e-05	0.000882132461034658
LOC_Os01g04200.MSUR7	80.7829544670169	1.73808372415538	0.43796778283416	3.96851958586534	7.23205142380501e-05	0.00265586343243196
LOC_Os01g04340.MSUR7	205.385648637274	9.32724418170824	1.06954159024942	8.72078679944845	2.76275213331703e-18	5.53017370685938e-16
LOC_Os01g04360.MSUR7	898.642963790198	8.33434764829973	2.35264589622373	3.54254231870479	0.000396289832287735	0.0119831299924964
LOC_Os01g04370.MSUR7	1823.80115110643	8.34834242459961	1.2045285320286	6.93079674131071	4.18476963609962e-12	5.45632532736219e-10
LOC_Os01g04380.MSUR7	661.676648853851	10.0689798841201	1.13947479004214	8.8365095674892	9.87555299455814e-19	2.09479640535314e-16
LOC_Os01g05080.MSUR7	219.487147836516	1.32526996283572	0.391621710683875	3.38405641638572	0.000714233256759761	0.0197484105935209
LOC_Os01g05650.MSUR7	474.260280319015	1.23186858162066	0.282501385189498	4.36057536777859	1.29720890503669e-05	0.00057792893286462
LOC_Os01g06660.MSUR7	39.4953749975962	2.42580033672098	0.577512016117383	4.200432664639	2.6640539186151e-05	0.00109111049831003
LOC_Os01g07530.MSUR7	309.323603751437	2.14433149081511	0.281028476973454	7.63029965471315	2.34208675591338e-14	3.73997044663382e-12
LOC_Os01g08350.MSUR7	1730.53670636534	1.13664882710368	0.256802752348183	4.42615515881451	9.59275366277666e-06	0.000448461233734809
LOC_Os01g08440.MSUR7	84.3760066005325	-1.94153863285445	0.444699305322273	-4.36595832198888	1.26566613374229e-05	0.000568904676413374
LOC_Os01g08560.MSUR7	2983.15723223716	2.74251091292185	0.31540592267262	8.69517886564381	3.46283851265798e-18	6.83525846415212e-16
LOC_Os01g08780.MSUR7	39.083809357195	2.95256242862451	0.571598631935087	5.16544698266496	2.3986501295131e-07	1.63892382887693e-05
LOC_Os01g08860.MSUR7	1435.20241167494	6.83776794987963	0.69566562334743	9.82910139641139	8.43682009461814e-23	2.60661059097202e-20
LOC_Os01g08890.MSUR7	555.976797223735	1.05566542054561	0.29431655042787	3.5868367545451	0.000334713719665145	0.0102300029760883
LOC_Os01g09246.MSUR7	213.679296640578	0.983565968437611	0.315642537783735	3.11607546734245	0.00183275362339752	0.0423529991800417
LOC_Os01g09540.MSUR7	51.6970502297451	-2.27856659488572	0.572785490909796	-3.97804523865734	6.94841537251342e-05	0.00257835193927312
LOC_Os01g10210.MSUR7	95.3378045974695	-1.56314206002134	0.398175261552032	-3.92576388078061	8.64549322566974e-05	0.00310277145765703
LOC_Os01g10680.MSUR7	101.048079361141	1.17149144756416	0.379258661939348	3.08889833016261	0.00200900177331172	0.0456101169365913
LOC_Os01g12210.MSUR7	75.5024071036866	-1.7678591179085	0.48565942077717	-3.64012112661073	0.000272509816748599	0.00872276917934929
LOC_Os01g12460.MSUR7	17.4050035183769	8.21275675449658	1.60786371770311	5.10786869811876	3.25812919715801e-07	2.14372834027822e-05
LOC_Os01g13080.MSUR7	27.7329356418591	1.96087837557193	0.625152317952324	3.13664097414651	0.00170895256330472	0.0402668132693104
LOC_Os01g13570.MSUR7	26.6448747714538	1.97836852005241	0.620697504931268	3.18733119488128	0.00143592248051514	0.0347998858281985
LOC_Os01g14090.MSUR7	59.2952499276685	2.54091302208035	0.464739883575926	5.46738748249747	4.56716936682266e-08	3.56640720007053e-06
LOC_Os01g14840.MSUR7	109.989092593441	1.58452474476806	0.380581425789264	4.16343162696921	3.13499932532182e-05	0.00127663640147489
LOC_Os01g16350.MSUR7	69.1098344596877	1.44332026011192	0.43532797514925	3.3154778523413	0.000914865901758265	0.0241741328440003
LOC_Os01g17010.MSUR7	181.222658812534	1.31519029546675	0.311469808966014	4.22252898228816	2.41576323465746e-05	0.00101576411511692
LOC_Os01g18800.MSUR7	705.888678096288	-1.57548952043914	0.267812132233976	-5.88281608938726	4.03344034757937e-09	3.62805406454418e-07
LOC_Os01g21250.MSUR7	161.284847221361	-1.27888503830334	0.385740765019964	-3.31540027468227	0.000915119861389823	0.0241741328440003
LOC_Os01g22010.MSUR7	765.497494656498	-1.11306803391479	0.28759139412236	-3.87031064441803	0.000108696757467685	0.00380492196337621
LOC_Os01g22780.MSUR7	10.6468931174996	3.36815958430128	1.05088836110832	3.205059365915	0.00135034626173171	0.0331452868250967
LOC_Os01g22900.MSUR7	383.152150801735	1.16549393915399	0.378982223718341	3.07532613988825	0.00210272481903344	0.0470612994143357
LOC_Os01g25065.MSUR7	1082.66847473385	-7.07317809629666	0.400547832933878	-17.6587601148358	8.71327070148974e-70	1.23833003209572e-66
LOC_Os01g28680.MSUR7	300.029024158238	-1.01415688657259	0.286772929309523	-3.53644567851792	0.000405549894130178	0.0121610344460765
LOC_Os01g34080.MSUR7	351.347999990189	2.74518341279032	0.286649039175727	9.57681009740771	1.0008846555832e-21	2.78913190689184e-19
LOC_Os01g34620.MSUR7	57.8896445948535	2.24859665253639	0.463094411457211	4.85559012785486	1.20028745078386e-06	7.07820964752708e-05
LOC_Os01g37690.MSUR7	80.5259951374235	-1.46981648608012	0.44587316688776	-3.29649011251247	0.000979010606053391	0.0256710308731196
LOC_Os01g37832.MSUR7	79.7372038970993	1.54044194322678	0.400015578783758	3.8509548750838	0.000117658178789708	0.00408840595833577
LOC_Os01g37910.MSUR7	326.292375897666	-1.51016575173556	0.286586025305666	-5.26950241249502	1.36794073093971e-07	9.72058683405756e-06
LOC_Os01g38510.MSUR7	13.9847469984486	2.80526193918831	0.869726519351318	3.22545291740742	0.00125773521282059	0.0314699521912082
LOC_Os01g38990.MSUR7	37.9036166556951	1.71141958674568	0.557926553307783	3.06746394592474	0.00215883501768873	0.0479396301115503
LOC_Os01g39134.MSUR7	127.868939165208	2.18786794069406	0.359328190914267	6.08877342778839	1.13779003208439e-09	1.15501942399881e-07
LOC_Os01g40280.MSUR7	59.9670361979631	4.08296439878368	0.5270198137492	7.74726925300515	9.38897345552421e-15	1.5337481695392e-12
LOC_Os01g43540.MSUR7	846.745764659206	2.32349921800047	0.26005376102296	8.93468800012982	4.08328795803717e-19	8.92795207071143e-17
LOC_Os01g43700.MSUR7	36.7816448218018	-2.68414261623996	0.656899518299541	-4.08607791826087	4.38726497794218e-05	0.00169895939690775
LOC_Os01g44050.MSUR7	85.9364833712241	-1.55231671682261	0.461434065671361	-3.36411381887046	0.000767898675945068	0.0210276993883069
LOC_Os01g44130.MSUR7	35.1511217144799	-1.85108441638444	0.596058193513542	-3.10554311060299	0.00189929932336904	0.0438195486748713
LOC_Os01g50010.MSUR7	86.4037941300055	-1.42254065781105	0.406112152304452	-3.50282711250808	0.000460348152355849	0.0134468956511548
LOC_Os01g51410.MSUR7	2263.71360550719	-1.23537650351657	0.252309156298155	-4.89628090253181	9.76674286173585e-07	5.93252332255388e-05
LOC_Os01g52110.MSUR7	3845.68633187913	2.27606771699306	0.263674764822256	8.63210295656228	6.02341281512149e-18	1.15682085038522e-15
LOC_Os01g52140.MSUR7	15.6850930007842	3.32191661170465	0.868865442409584	3.82328085519448	0.000131687634527554	0.00449890543727307
LOC_Os01g52260.MSUR7	44.9387679389719	2.55315949895759	0.636233214008821	4.01293023177849	5.99696422680621e-05	0.00224878246942929
LOC_Os01g55260.MSUR7	13.1415979787585	6.36251865093128	1.63087884535179	3.90128222526477	9.56845177030288e-05	0.00339967091398861
LOC_Os01g55270.MSUR7	991.788017161692	5.71109564797418	0.345246266081265	16.5420924396902	1.82569066825207e-61	2.16222631476654e-58
LOC_Os01g56180.MSUR7	183.868539055501	2.25764234494752	0.326086265101007	6.92345120469334	4.40771015174932e-12	5.69476151606012e-10
LOC_Os01g56360.MSUR7	139.700434974681	1.52451021937934	0.371208953430331	4.10687890281574	4.01041346916317e-05	0.00157447503380516
LOC_Os01g56470.MSUR7	133.625833094968	2.24735708180732	0.378663462476576	5.9349720913365	2.93895488145901e-09	2.73062033168954e-07
LOC_Os01g57420.MSUR7	155.505566628187	1.34235393542153	0.337567135060531	3.97655398290128	6.99211318060708e-05	0.0025878102219476
LOC_Os01g58000.MSUR7	2270.95223142705	-1.66813473550563	0.238566499561325	-6.99232599117225	2.70365748009636e-12	3.65946477210756e-10
LOC_Os01g58020.MSUR7	6348.74690070318	-1.55040562222461	0.264892016825767	-5.85297224432547	4.828647345987e-09	4.28904600507296e-07
LOC_Os01g58039.MSUR7	17436.2019591963	2.39940224042843	0.237791378752748	10.0903668291662	6.0941351735442e-24	2.06213926396215e-21
LOC_Os01g60830.MSUR7	698.497162207233	-1.18489964588434	0.314260677814759	-3.77043559545424	0.000162962855698345	0.00548821825873194
LOC_Os01g62290.MSUR7	3771.41183633289	4.47100014257374	0.316847482623781	14.1108905317784	3.25442150406209e-45	2.10235629162411e-42
LOC_Os01g62460.MSUR7	582.870009296322	-1.10951188605136	0.330603447637511	-3.35602031370187	0.000790727605583433	0.0213646781949653
LOC_Os01g62840.MSUR7	290.567017957735	-0.934504036659522	0.299516548598674	-3.12004141684898	0.00180825613208564	0.0420519025454747
LOC_Os01g63250.MSUR7	36.3926814175826	3.03447940665704	0.670983809556207	4.52243312497222	6.11328043936894e-06	0.00030272453520666
LOC_Os01g64730.MSUR7	69.760293737456	1.70827000267917	0.42036266671567	4.06380047026068	4.82801017420551e-05	0.00185447785394077
LOC_Os01g64870.MSUR7	251.022263061592	1.31820926739561	0.30196810064541	4.36539245230918	1.26894724474416e-05	0.000568904676413374
LOC_Os01g64960.MSUR7	1668.38111395414	-0.975092277565272	0.243506872282498	-4.00437272437241	6.21822582705297e-05	0.00231951247910963
LOC_Os01g65520.MSUR7	203.855541312922	2.21090993272545	0.334690693383282	6.60583032762598	3.95295425538705e-11	4.60486769488202e-09
LOC_Os01g66000.MSUR7	114.105443005738	-1.11506538768726	0.364227556571055	-3.0614525660409	0.00220265888914199	0.0485336250116061
LOC_Os01g67054.MSUR7	776.509754465893	1.75566240126455	0.24612828747501	7.13311915211211	9.81195462924058e-13	1.39447499190767e-10
LOC_Os01g67330.MSUR7	66.383344856924	1.83324357039345	0.441878734081838	4.1487481270233	3.34298374558834e-05	0.00135357507100574
LOC_Os01g67420.MSUR7	163.622310424944	2.65033386487608	0.360170951109447	7.35854420439005	1.85926689976013e-13	2.81105331695649e-11
LOC_Os01g67580.MSUR7	27.8339773992093	1.9453145745671	0.607705051748843	3.20108343507908	0.00136911881217884	0.0334903899461027
LOC_Os01g67590.MSUR7	83.490918212562	1.30209637521091	0.39260587466916	3.31654837388298	0.000911368085413344	0.0241648567721911
LOC_Os01g68020.MSUR7	87.3411409494884	-1.47879677842507	0.460002057850738	-3.21476122375285	0.00130553068562446	0.0321563294698351
LOC_Os01g68950.MSUR7	413.087865030181	1.13728937644221	0.279640217619088	4.0669735781402	4.7627640719144e-05	0.00183437406477093
LOC_Os01g68960.MSUR7	46.8242728496109	5.60777956611725	0.762333558255988	7.35607071915649	1.89402699493741e-13	2.83346438442636e-11
LOC_Os01g70820.MSUR7	158.704878840821	1.20553498689552	0.328064147403979	3.67469288075243	0.00023813568936975	0.00774458676732925
LOC_Os01g71300.MSUR7	153.880541111702	1.59584662808637	0.325969058326059	4.89569972156708	9.79565469463683e-07	5.93252332255388e-05
LOC_Os01g72009.MSUR7	148.242050406045	1.46257551405938	0.404078154179597	3.61953621825674	0.000295131502448406	0.00919826515964198
LOC_Os01g74030.MSUR7	11.2414444313773	3.19412816387194	1.00030057401766	3.19316838042277	0.00140720865147307	0.034304029767985
LOC_Os01g74190.MSUR7	95.7089180193542	-1.633720236482	0.394330854772177	-4.14301903264931	3.42763486995308e-05	0.001376088891858
LOC_Os01g74480.MSUR7	31.9310818990407	1.94298215931865	0.605759157525321	3.20751594950082	0.00133886636280782	0.0329203611560982
LOC_Os01g74580.MSUR7	77.8739819987653	2.52971623152555	0.422755188222495	5.98387980088883	2.17884130605776e-09	2.10650970351652e-07
LOC_Os02g01030.MSUR7	255.957126898439	1.09171800971282	0.321230846871639	3.39854662260707	0.000677449153248818	0.0188413059999456
LOC_Os02g01280.MSUR7	262.383572603944	1.5826483912839	0.320444407737678	4.93891718210133	7.85575646543328e-07	4.8753716544427e-05
LOC_Os02g01540.MSUR7	20.8799261474383	3.4627541938948	0.772138601891019	4.4846277409448	7.30413384012162e-06	0.000354287884422554
LOC_Os02g02400.MSUR7	228.351281870397	-1.15957350424878	0.378310705115475	-3.06513532017243	0.00217571531990111	0.0481109061439713
LOC_Os02g02410.MSUR7	2386.84799404852	4.20068507276631	0.264727167205053	15.8679787840306	1.05586728993947e-56	1.00039906164132e-53
LOC_Os02g02524.MSUR7	90.2732468349125	2.20838576254973	0.488973908387477	4.51636728395687	6.29095136045147e-06	0.00031044097477339
LOC_Os02g03280.MSUR7	782.092221778314	4.4659324621539	0.26695348458452	16.729253297085	8.0237904954775e-63	1.03667373201569e-59
LOC_Os02g03320.MSUR7	15.8505435097857	4.22468710943268	0.968440575948695	4.36236070064922	1.28666508743202e-05	0.000575034095049806
LOC_Os02g04160.MSUR7	32.2721641858469	1.74761697007831	0.572402901102789	3.05312388653404	0.00226472420568399	0.0498239325250477
LOC_Os02g04650.MSUR7	271.978672340366	3.04978484127659	0.307520733119511	9.91733080998917	3.49990457798831e-23	1.13046917869023e-20
LOC_Os02g06480.MSUR7	248.529743509228	-1.50178478980359	0.383798547070592	-3.91295069058031	9.11751575226377e-05	0.003247572277473
LOC_Os02g06720.MSUR7	198.684486605405	1.25951039709316	0.310740899251723	4.05324950827559	5.05110800317006e-05	0.00192456694211938
LOC_Os02g06725.MSUR7	91.7559565114812	1.21123490471242	0.387713724318853	3.12404443985147	0.00178383512837931	0.0416971461258665
LOC_Os02g06830.MSUR7	22.0952768314098	4.49532295113036	0.875450121771484	5.13487043903086	2.82338457732228e-07	1.86632286571647e-05
LOC_Os02g07260.MSUR7	574.790503561795	0.903876418347456	0.291226772147124	3.10368587229621	0.00191126138607471	0.0440240629155492
LOC_Os02g08490.MSUR7	1293.71211120699	4.15562830563612	0.274314100796638	15.1491603733375	7.67407286836462e-52	6.05910686695544e-49
LOC_Os02g09060.MSUR7	149.784722046854	1.14032294939067	0.327226310119326	3.48481437502639	0.000492478560491176	0.0141969681576077
LOC_Os02g10310.MSUR7	589.395752894847	0.80719902495336	0.258469217460213	3.12299868001735	0.00179018550799325	0.0417083876059017
LOC_Os02g12350.MSUR7	13.2197042045622	3.28852075271252	0.975799675025169	3.37007772894339	0.000751469831633658	0.0206175468092231
LOC_Os02g12360.MSUR7	122.2586893955	1.38642969467052	0.345937751985625	4.0077432622275	6.13017068387056e-05	0.00229268383576759
LOC_Os02g12480.MSUR7	471.821959836063	-1.30182173662055	0.322316187391883	-4.03895859886724	5.36890395988224e-05	0.00204018350475525
LOC_Os02g13360.MSUR7	53.5350191706239	1.60947815452706	0.472714709339991	3.40475581302352	0.000662232416500299	0.018454210006475
LOC_Os02g13640.MSUR7	76.3155648764948	1.29824396976777	0.40300417337026	3.22141569629604	0.00127558983731546	0.0316381898218626
LOC_Os02g15930.MSUR7	4607.24800352448	8.57481443075207	0.345996467553917	24.7829536855484	1.36891967814842e-135	6.48502882194844e-132
LOC_Os02g16040.MSUR7	133.565730305787	1.29484627513255	0.348770460408221	3.71260305020381	0.000205138492808306	0.00673309066926477
LOC_Os02g17500.MSUR7	688.004986625373	1.40771910148947	0.264134899502063	5.32954601661214	9.84585719940972e-08	7.32614254020999e-06
LOC_Os02g18450.MSUR7	1280.351605232	-1.14802626743327	0.326256826148624	-3.51878083589978	0.000433534692286841	0.0128362396807929
LOC_Os02g20930.MSUR7	130.819684936955	1.62611131887263	0.373015204559844	4.35937007123189	1.30437370239374e-05	0.00057930497057562
LOC_Os02g24604.MSUR7	42.5345612251689	-1.80270512302617	0.548548912539545	-3.28631610020048	0.00101507030209828	0.0264700534558179
LOC_Os02g24632.MSUR7	577.918001695981	-3.45501130313885	0.281654129328233	-12.2668583321655	1.36445532941092e-34	6.05988723174626e-32
LOC_Os02g27030.MSUR7	299.659195687376	-1.06121540950508	0.283855596777805	-3.73857490058854	0.000185066357372339	0.00615963248472056
LOC_Os02g28830.MSUR7	204.960210005965	1.79131105309626	0.344636269902619	5.19768581990055	2.01784793968379e-07	1.4057673979797e-05
LOC_Os02g28980.MSUR7	669.486916233005	2.2334868410221	0.27126106829087	8.23371689529421	1.81492318209327e-16	3.18440595850735e-14
LOC_Os02g32110.MSUR7	133.183686030165	1.71642295382126	0.348548869547486	4.92448291698565	8.45837173137098e-07	5.18148185544157e-05
LOC_Os02g33230.MSUR7	179.946598524338	1.53643919202024	0.333577216037399	4.60594764316273	4.10591696129405e-06	0.000212101849132946
LOC_Os02g37690.MSUR7	130.728052307937	-1.32271076320259	0.364440953804937	-3.62942405180553	0.000284054287292204	0.00901111502454644
LOC_Os02g37700.MSUR7	165.95463289309	-1.03801739932419	0.332823066769905	-3.11882649660765	0.00181572847645429	0.0420519025454747
LOC_Os02g38392.MSUR7	42.9171546641194	1.62759088713082	0.508605231045809	3.20010646328612	0.00137376832656551	0.0335463839469914
LOC_Os02g38710.MSUR7	16.472607576262	2.68735662097343	0.805392832715686	3.33670292534389	0.000847785136893427	0.0226479743712958
LOC_Os02g38840.MSUR7	20.1916500168724	2.3860181555435	0.772572512274402	3.08840674193704	0.00201232841374319	0.0456127773781789
LOC_Os02g39160.MSUR7	2873.46443684483	0.985941840584932	0.26638157868923	3.70123882228045	0.000214549421052669	0.00699352378899205
LOC_Os02g39870.MSUR7	294.653606335084	1.68174302715023	0.283386509048351	5.93444985365658	2.94832424567169e-09	2.73062033168954e-07
LOC_Os02g39930.MSUR7	69.0195963605586	1.63548175878642	0.419757260000288	3.89625603803802	9.76911145833892e-05	0.00346230952732949
LOC_Os02g40260.MSUR7	49.4421055740262	-3.30737929577659	0.621084433206255	-5.32516855832748	1.00859466762551e-07	7.4270193866807e-06
LOC_Os02g40900.MSUR7	202.851712338659	3.129351232618	0.350108152368184	8.93824154465014	3.95412031046071e-19	8.78061841441682e-17
LOC_Os02g42890.MSUR7	72.9896028961635	1.84462634015075	0.433835402254694	4.25190367260027	2.11961033152776e-05	0.000893884333284052
LOC_Os02g43020.MSUR7	977.344935072833	2.71250291017121	0.285327647287493	9.50662487830392	1.96948892468221e-21	5.38276473030453e-19
LOC_Os02g43519.MSUR7	130.765162397819	1.5699607448481	0.348082611625233	4.5103107492724	6.47327294453605e-06	0.000318332716566596
LOC_Os02g43970.MSUR7	60.1139475574158	1.68000869034057	0.458729540742414	3.66230761511811	0.000249953455750873	0.00803696496183576
LOC_Os02g44770.MSUR7	12.7087208992575	3.94146686052588	1.04572245163977	3.76913286536534	0.000163815673304571	0.00550389680615736
LOC_Os02g44870.MSUR7	252.796363139102	1.68088286880337	0.352601968574122	4.76708305288438	1.86912274178231e-06	0.000105832559387292
LOC_Os02g47110.MSUR7	87.2659590365903	1.89011545201421	0.419685605783585	4.50364612454416	6.67974008619611e-06	0.000326228405859172
LOC_Os02g47560.MSUR7	264.171742606328	-1.20775644923667	0.357499947474231	-3.37834021450794	0.000729247986214539	0.0201244123885068
LOC_Os02g48110.MSUR7	786.724793657411	3.24698196428652	0.262062428823397	12.3901086426801	2.95642610366093e-35	1.44885268224928e-32
LOC_Os02g48140.MSUR7	20.4914791387345	8.44317260865449	1.58847600436096	5.31526606978941	1.06501591508598e-07	7.80206504391851e-06
LOC_Os02g48350.MSUR7	51.5866090514296	2.49607053541252	0.586705008987359	4.25438763463208	2.09621890870474e-05	0.000886650688408089
LOC_Os02g48900.MSUR7	135.088617199255	-1.0865086639934	0.345734975438473	-3.14260558283248	0.00167451309152084	0.0396636334278237
LOC_Os02g50680.MSUR7	87.7449516950329	2.20351182879764	0.413722789572268	5.3260586178387	1.00366753005584e-07	7.4270193866807e-06
LOC_Os02g51020.MSUR7	68.2638128256795	-1.64609650982978	0.452583179924451	-3.63711375686689	0.000275710185226616	0.00880537787065317
LOC_Os02g52140.MSUR7	206.923694935762	3.1830848415826	0.324154555760104	9.81965172174935	9.26631260383464e-23	2.80197520692974e-20
LOC_Os02g52150.MSUR7	631.579449162412	4.46700142989821	0.332308855518466	13.4423183605168	3.4156526467965e-41	2.02263564234466e-38
LOC_Os02g52270.MSUR7	46.6229701847701	1.60815813400082	0.524684633317235	3.06499949090084	0.00217670367651094	0.0481109061439713
LOC_Os02g53320.MSUR7	102.953191746179	7.7600926763208	0.920541954051785	8.4299174439194	3.45909164643379e-17	6.38449486741779e-15
LOC_Os02g53490.MSUR7	135.446823923035	1.39265584178718	0.361598573745199	3.85138643486055	0.000117450993738694	0.00408840595833577
LOC_Os02g54130.MSUR7	266.846042277719	1.92830952351899	0.302616791107677	6.372116750233	1.86436869720129e-10	2.03818522497113e-08
LOC_Os02g54140.MSUR7	386.732459929572	6.52873918461484	0.404020866769592	16.1594108661177	9.74888770261968e-59	9.8965137164022e-56
LOC_Os02g54730.MSUR7	202.744749896665	2.02374677841875	0.31814643704583	6.36105435349327	2.00373518011982e-10	2.17382323510404e-08
LOC_Os02g56880.MSUR7	203.073155047925	1.62204896287595	0.312956912223678	5.18297854918965	2.18370161967736e-07	1.51389109360266e-05
LOC_Os02g56920.MSUR7	94.8472230458775	-2.36929369608369	0.422284488510408	-5.61065765034675	2.01559157316834e-08	1.63689071073534e-06
LOC_Os02g57120.MSUR7	1117.21806755935	-1.03969003484583	0.267059490905974	-3.89310273646813	9.89702137486653e-05	0.00349891710894535
LOC_Os02g57260.MSUR7	484.633273191213	-0.969579325315487	0.2617245786954	-3.70457879863053	0.000211742279480103	0.00691788799073843
LOC_Os03g01300.MSUR7	50.6865594092055	-2.02400444080116	0.563496155252833	-3.59186912267931	0.000328314731478304	0.0100777731398913
LOC_Os03g02260.MSUR7	834.464108944771	3.60846292130593	0.293249088981093	12.3051121278627	8.50182786744659e-35	3.89767669845648e-32
LOC_Os03g03610.MSUR7	973.492917900899	0.879488808717145	0.248536281506004	3.53867372356216	0.000402142572530713	0.0121085810186578
LOC_Os03g03920.MSUR7	162.161626101466	1.34284049444407	0.323982765210509	4.14478990439988	3.40125408128962e-05	0.00136936609074471
LOC_Os03g03980.MSUR7	24.938483171004	4.23559570480466	0.799968043218235	5.29470613321634	1.19207953379284e-07	8.6204590756097e-06
LOC_Os03g04970.MSUR7	122.751017386974	2.51209149429162	0.378393986237925	6.63882510202495	3.16193305907864e-11	3.71383410211782e-09
LOC_Os03g06080.MSUR7	14.4029308839514	6.49305583322687	1.6093234610474	4.0346493358153	5.46839023695e-05	0.00207244698793423
LOC_Os03g06490.MSUR7	78.5500039085709	1.76075545273733	0.418175071636094	4.21057009890246	2.54727067942552e-05	0.00104932785205784
LOC_Os03g06630.MSUR7	339.775826432802	1.1224461842925	0.347588150935993	3.22924179454895	0.00124118905718817	0.0311782761397787
LOC_Os03g07570.MSUR7	271.038942085129	1.32194939748831	0.299594798685568	4.41245777058944	1.02203733682989e-05	0.000468554665516982
LOC_Os03g08010.MSUR7	87.2229214787763	-2.07481959115384	0.419826255924951	-4.94209107189509	7.72890948150012e-07	4.81768691013508e-05
LOC_Os03g08270.MSUR7	583.002466788029	1.37641551059331	0.288106236451619	4.77745823049703	1.77524911214787e-06	0.000100919361527382
LOC_Os03g09120.MSUR7	29.4709941431014	1.90016622393823	0.614881994448933	3.09029413951403	0.00199958364288722	0.045541799251143
LOC_Os03g09220.MSUR7	832.00962024137	-0.873912425720836	0.275292438747511	-3.17448757291281	0.00150101318076976	0.036155041113598
LOC_Os03g09250.MSUR7	2192.80993103497	1.69186482720899	0.319565265208471	5.2942700956729	1.19492713052006e-07	8.6204590756097e-06
LOC_Os03g11440.MSUR7	137.792137616434	2.83429687351415	0.356659407249747	7.94678849317288	1.91408802358887e-15	3.2003551754406e-13
LOC_Os03g11910.MSUR7	910.549250218654	6.41321018224404	0.357493397254032	17.9393807871838	5.80989182314001e-72	9.17446473227398e-69
LOC_Os03g12370.MSUR7	74.8086029475214	1.38690217680872	0.405029930127309	3.42419676583602	0.000616619569264988	0.0174222610703658
LOC_Os03g12530.MSUR7	329.107248441666	-1.52874919251638	0.295827035898424	-5.16771290992246	2.36975943122725e-07	1.62700584717882e-05
LOC_Os03g13450.MSUR7	11.9076784993754	3.0573632167921	0.957869538575793	3.19183677282183	0.00141371198690999	0.0344035526677478
LOC_Os03g13750.MSUR7	102.951278559679	1.4121112428207	0.367254054924048	3.8450528289272	0.000120526469384282	0.00415757811380927
LOC_Os03g13840.MSUR7	139.124952498198	1.28564560881021	0.350090892126309	3.6723194968076	0.000240358916407488	0.00779904319630872
LOC_Os03g13850.MSUR7	13.8532667446607	3.08732049982675	0.915442798578563	3.37248870668985	0.000744921413339589	0.0205170990821361
LOC_Os03g14180.MSUR7	755.510287851472	8.76809559695183	2.13921616449589	4.09874221337423	4.15401379782895e-05	0.00162635934145303
LOC_Os03g15720.MSUR7	171.991866514376	3.37089188780843	0.339723021280361	9.92247117991618	3.32422176048051e-23	1.09869394558021e-20
LOC_Os03g15890.MSUR7	457.331620189056	2.26817372243163	0.293557867670671	7.72649610936742	1.10547176480594e-14	1.78533690016159e-12
LOC_Os03g15960.MSUR7	2601.45077088025	7.68508983161817	0.285061821483051	26.9593795185761	4.42844746863169e-160	3.14685477120968e-156
LOC_Os03g16020.MSUR7	319.315503822327	5.09283468250303	0.342174967961212	14.8837149393124	4.20488154344392e-50	2.98798882477125e-47
LOC_Os03g16030.MSUR7	1546.33739669232	7.94011651246329	0.350004322764636	22.6857669920914	6.19179962184423e-114	1.759957124513e-110
LOC_Os03g16040.MSUR7	367.16208194001	6.97233047398007	0.460792273370723	15.1311792252441	1.00871529046067e-51	7.5451903726458e-49
LOC_Os03g16460.MSUR7	135.395945119761	3.22888757997927	0.3607924790184	8.94943150911578	3.57317762152786e-19	8.06063497732602e-17
LOC_Os03g16670.MSUR7	143.047392052416	-1.21625905797668	0.364857100876018	-3.33352168576807	0.000857539864733862	0.0228655845358305
LOC_Os03g16874.MSUR7	29.3082588930216	3.17726568199495	0.662536998572171	4.79560490786515	1.62184663041813e-06	9.25690132992065e-05
LOC_Os03g16920.MSUR7	1676.76347115316	8.27325164537868	0.360473869521382	22.9510440142679	1.43852147195346e-116	5.11106678985064e-113
LOC_Os03g17300.MSUR7	48.315655403806	2.00471823125027	0.570481017954354	3.514084024108	0.000441273207156593	0.0130111510790653
LOC_Os03g18190.MSUR7	9.29250072322934	7.31182735141815	1.73423430413579	4.21617040672126	2.48486020474534e-05	0.00102958697463093
LOC_Os03g18200.MSUR7	598.765523456536	1.62869119586313	0.258187656633177	6.30816831874001	2.82357055184315e-10	3.01718681825525e-08
LOC_Os03g18870.MSUR7	23.2091804996957	3.79059439222862	0.778175453005339	4.8711307682467	1.10961366710523e-06	6.6259787549998e-05
LOC_Os03g19500.MSUR7	200.330705756696	1.08211398130028	0.306619827040201	3.52917158601881	0.000416862751331225	0.0124202377818016
LOC_Os03g20120.MSUR7	346.55644638714	2.54097517815427	0.290053503916041	8.76036711795691	1.94615498250837e-18	3.95125065877271e-16
LOC_Os03g20460.MSUR7	43.5332590088673	1.82664247324231	0.532442983810913	3.43068183595599	0.000602066305111623	0.0170789747070786
LOC_Os03g20790.MSUR7	45.0956635117646	-2.81362144425394	0.601794150768457	-4.67538848734423	2.93397671826417e-06	0.000157945746666555
LOC_Os03g20860.MSUR7	51.7277844664014	2.21923350819325	0.515767418107827	4.30277956745475	1.68668639805218e-05	0.000730828874668218
LOC_Os03g21040.MSUR7	86.6455375400656	2.1295056625274	0.440839968623706	4.83056395538651	1.36146872836872e-06	7.89763002758213e-05
LOC_Os03g21210.MSUR7	38.657785468401	1.91361128070853	0.528618139975822	3.6200257539328	0.000294573694795158	0.00919826515964198
LOC_Os03g21490.MSUR7	139.476755153824	1.076247715506	0.332965014377359	3.23231471486147	0.00122791738403906	0.0309417763509984
LOC_Os03g22350.MSUR7	35.842960889696	2.24166592977527	0.557658701180786	4.01978114037989	5.82522306153731e-05	0.00219016058599387
LOC_Os03g24070.MSUR7	28.1050105945853	4.40486004703241	0.761179498099901	5.78688740044637	7.17026067116508e-09	6.25176347598762e-07
LOC_Os03g25050.MSUR7	51.2306230857079	3.94660764672935	0.568550475645295	6.9415255386956	3.87888088125188e-12	5.10431991521775e-10
LOC_Os03g25490.MSUR7	106.318017125681	-1.65428662934278	0.418878326048786	-3.94932496256707	7.83718956625227e-05	0.00283593447372274
LOC_Os03g25500.MSUR7	94.9238380529941	-1.48825547475344	0.419647846577296	-3.54643896517486	0.000390475182314478	0.0118324803647193
LOC_Os03g25770.MSUR7	58.0343585728389	1.74444067331584	0.468312136323365	3.72495294914015	0.000195351654737672	0.00645659934216695
LOC_Os03g25790.MSUR7	19.1904696797098	2.70946798649263	0.772729239522529	3.50636141084401	0.000454277936788708	0.0133117485312188
LOC_Os03g26460.MSUR7	1255.72613112842	4.1499127482099	0.273750159984307	15.1594897641258	6.55767906223197e-52	5.48221969602593e-49
LOC_Os03g29190.MSUR7	51.2981774363892	-1.77490356337679	0.509491435414927	-3.48367693743726	0.000494576086656921	0.0141998289769054
LOC_Os03g30300.MSUR7	78.6850611413726	4.91680748542203	0.532537828048214	9.23278540313738	2.63684000165014e-20	6.35165594973759e-18
LOC_Os03g31300.MSUR7	7168.12597497572	4.26734331699629	0.233218228247985	18.2976405791864	8.64108603738763e-75	1.75438735376219e-71
LOC_Os03g31550.MSUR7	619.952847438391	1.20221618319433	0.269068265056839	4.46807126414692	7.89280137700853e-06	0.000380245739559475
LOC_Os03g38500.MSUR7	29.0568895396916	1.82669550374502	0.598412500560836	3.05256909244548	0.00226891491473066	0.0498389780033264
LOC_Os03g38730.MSUR7	305.934639406053	-1.01233159080495	0.321484018102715	-3.14893286695673	0.00163867835011623	0.038879627231806
LOC_Os03g38960.MSUR7	108.707816815461	1.67862289328135	0.380351664469268	4.4133444127914	1.01785875072503e-05	0.000468554665516982
LOC_Os03g38970.MSUR7	211.446394047427	0.955505567032349	0.302372123508376	3.16003193662753	0.00157751846218761	0.0376801552682527
LOC_Os03g40100.MSUR7	221.133757585951	-1.03693060952167	0.310360179940796	-3.34105557523351	0.000834605151209519	0.0223418732052644
LOC_Os03g40260.MSUR7	54.8386210571745	2.28477458224416	0.469493819338796	4.86646360001476	1.13612836762663e-06	6.75592316347686e-05
LOC_Os03g42810.MSUR7	75.2782013492248	1.96317302485061	0.450523894996193	4.3575336328547	1.31536290708369e-05	0.000580557069424641
LOC_Os03g44780.MSUR7	81.6294929805012	1.82147918426287	0.426242976807975	4.27333535886845	1.92570489291545e-05	0.000824340901750432
LOC_Os03g45619.MSUR7	446.435797157434	-1.8505121149341	0.300452009554585	-6.15909381893453	7.31623759090488e-10	7.58966194466716e-08
LOC_Os03g49380.MSUR7	38.9239133115864	1.75638840067278	0.548609253828191	3.20152893597168	0.00136700344727795	0.0334903899461027
LOC_Os03g49430.MSUR7	30.4403016376955	4.51283435905601	0.74602460997266	6.04917625870466	1.45588308693595e-09	1.42696623665749e-07
LOC_Os03g49730.MSUR7	55.9913936866995	2.40700411394608	0.468054563177822	5.14257162157314	2.71003075911514e-07	1.83107499162248e-05
LOC_Os03g50130.MSUR7	295.082385191975	2.59001349313936	0.319781539918629	8.09932147364855	5.52665640708747e-16	9.46323383825628e-14
LOC_Os03g50860.MSUR7	231.505745049561	1.42503540263443	0.303863464613372	4.68972274915513	2.73575476144393e-06	0.000148399033090233
LOC_Os03g50870.MSUR7	1080.79734481376	1.15303496863523	0.293871246492104	3.92360594103312	8.72333786429696e-05	0.0031228231165589
LOC_Os03g51010.MSUR7	85.4497748759583	2.46070091347379	0.525706044528869	4.680754461705	2.85821100381081e-06	0.000154452071430263
LOC_Os03g51459.MSUR7	24.8261192359448	6.28704133062652	1.192660506259	5.2714425418068	1.35355663628452e-07	9.66670699239978e-06
LOC_Os03g51650.MSUR7	322.746878054806	-1.0364266325616	0.313697624689499	-3.30390334828793	0.000953486984296233	0.0250943648533668
LOC_Os03g51920.MSUR7	868.266000894988	5.45788519515225	0.377243128231134	14.467818726729	1.93512168774139e-47	1.30961663934193e-44
LOC_Os03g52340.MSUR7	78.0880484756441	1.92853062758092	0.413159755491777	4.66776011445119	3.04501122693668e-06	0.000162690599839189
LOC_Os03g53340.MSUR7	132.162155805693	5.99822216873167	1.32197230546778	4.53732816029698	5.69714187909253e-06	0.000286105231044746
LOC_Os03g53400.MSUR7	69.3953135881559	10.2091108183366	1.50335559166542	6.79088226028213	1.11449856105297e-11	1.3894082061127e-09
LOC_Os03g53800.MSUR7	887.735428844142	-1.20765655743701	0.255180040678561	-4.73256667812137	2.21698442017558e-06	0.000123722995637131
LOC_Os03g53910.MSUR7	185.020050868803	2.17777239409264	0.357372217346183	6.09384918129506	1.10227516058309e-09	1.12701687641776e-07
LOC_Os03g54130.MSUR7	48.6209056103922	-1.8839981820141	0.540117919480375	-3.48812382271379	0.000486422757756247	0.0141082453739424
LOC_Os03g54860.MSUR7	187.279711593408	1.02841414065701	0.326386665608204	3.15090734096202	0.00162764117554689	0.0386823350951044
LOC_Os03g55070.MSUR7	300.871165617	-1.38838252697759	0.313013697011597	-4.43553282246993	9.1844835907308e-06	0.00043509960263822
LOC_Os03g55240.MSUR7	301.414396231037	-1.68194334126551	0.295427604384728	-5.69325044884821	1.24643343867961e-08	1.05442333514968e-06
LOC_Os03g56540.MSUR7	104.951815361986	3.63113645489848	0.420815704990863	8.62880451426433	6.19965482731655e-18	1.1747932587443e-15
LOC_Os03g56590.MSUR7	21.7340825060292	3.69420968919658	0.805267172146733	4.58755779072469	4.48461307947816e-06	0.000228442011059296
LOC_Os03g56660.MSUR7	68.7638155557651	1.64980926066349	0.504434421642868	3.27061197626108	0.00107315046754924	0.0278822933177511
LOC_Os03g56810.MSUR7	395.059273498627	1.56866645017389	0.278192348304819	5.63878359607174	1.71255592896669e-08	1.42332426096343e-06
LOC_Os03g57340.MSUR7	1002.30433481759	1.08642586091762	0.299112473023385	3.63216501784825	0.000281053292918971	0.00893585995294053
LOC_Os03g58170.MSUR7	192.630689013631	3.86310943504917	0.363887804658792	10.616210231809	2.50526626892619e-26	9.1294472343536e-24
LOC_Os03g59430.MSUR7	20.9701776969702	3.78995176047408	0.80423340466517	4.71250228912335	2.44693331289249e-06	0.00013426956078312
LOC_Os03g59480.MSUR7	87.0495008887867	2.08961883037179	0.432449542220283	4.83205235839368	1.35132702720155e-06	7.87425429086178e-05
LOC_Os03g59774.MSUR7	20.8636333216815	2.66289782322597	0.834677717990135	3.19033055014108	0.00142110150342019	0.0345242642164236
LOC_Os03g60780.MSUR7	247.859865660513	2.83277437413806	0.313379092931362	9.03944914652783	1.57463293722323e-19	3.60946504900267e-17
LOC_Os03g61670.MSUR7	989.441474926814	6.67268258068493	0.801634987996958	8.32384149968046	8.51574601801171e-17	1.51282228009978e-14
LOC_Os03g61740.MSUR7	19.2641415914765	-2.68354945304966	0.869282679066264	-3.08708492378127	0.00202129841272944	0.0456704181903193
LOC_Os03g61960.MSUR7	68.1804836847685	2.13054601945102	0.432624932082384	4.92469541502363	8.44918562108825e-07	5.18148185544157e-05
LOC_Os03g64210.MSUR7	177.037379111326	1.78450846501857	0.359254038257267	4.96726069851625	6.79052739058676e-07	4.28181203644229e-05
LOC_Os04g01740.MSUR7	3800.88055011047	8.23885878621208	0.84215727642841	9.78304055170442	1.33149251211769e-22	3.94232741296178e-20
LOC_Os04g02620.MSUR7	104.310338594529	1.51241681684586	0.365489913695493	4.13805350072101	3.50264707523591e-05	0.00139830393913631
LOC_Os04g05010.MSUR7	205.813651315463	3.26630926149035	0.351180736676926	9.30093516061858	1.39215772413391e-20	3.47111325884054e-18
LOC_Os04g10350.MSUR7	35.3807677451582	1.80022747241931	0.558937420807055	3.22080326956808	0.00127831864549828	0.0316506351739051
LOC_Os04g16728.MSUR7	24.9496154233756	-3.91090798950218	0.956376908122211	-4.08929571206504	4.32684951319901e-05	0.00168014167436023
LOC_Os04g16734.MSUR7	2394.01559724717	-1.27332559267623	0.298501705981366	-4.26572299977314	1.99255875857003e-05	0.000847851649005907
LOC_Os04g16740.MSUR7	8208.10520906679	-0.849421932599472	0.231890114595599	-3.66303640877838	0.000249243095871058	0.00803229677668816
LOC_Os04g16764.MSUR7	253.490340708999	2.12123675600559	0.296315942088537	7.15869939718525	8.14460581561136e-13	1.18113405970886e-10
LOC_Os04g16854.MSUR7	16.2083215986391	-3.26321884360129	0.99849356730821	-3.26814207967152	0.00108256005957024	0.0280483438162907
LOC_Os04g16872.MSUR7	1313.53597057756	-1.7104977102327	0.243778845011686	-7.01659616998638	2.27338445930436e-12	3.13682911996442e-10
LOC_Os04g16874.MSUR7	6513.19103452643	-2.23339132487995	0.231802311661283	-9.63489668793061	5.69492571178868e-22	1.61872568431882e-19
LOC_Os04g18090.MSUR7	283.320717518118	-1.00613193949871	0.308508687585249	-3.26127587321406	0.00110912074981485	0.0285206561380202
LOC_Os04g25400.MSUR7	209.771691170467	-1.05230132113831	0.306831952797173	-3.42956889445579	0.000604540935339265	0.0171150115000829
LOC_Os04g28420.MSUR7	9077.62076302442	6.84172671364237	0.23848002058463	28.6888884732145	5.25000147419039e-181	7.46130209511938e-177
LOC_Os04g28520.MSUR7	289.975048691926	-1.27493066677723	0.287993165104523	-4.4269476545199	9.55759142129556e-06	0.000448292043826576
LOC_Os04g28620.MSUR7	592.08835295688	-1.09334069420526	0.318636825706015	-3.43130676055005	0.000600680919004814	0.0170737544417928
LOC_Os04g31270.MSUR7	258.971430909903	2.39125932090439	0.323258930460981	7.39734960297724	1.38929441423094e-13	2.14615784946197e-11
LOC_Os04g32650.MSUR7	263.364806600167	-0.932846115709316	0.292719274741031	-3.18682846059456	0.00143842058341337	0.0347998858281985
LOC_Os04g32850.MSUR7	535.882002069381	-1.61706079706012	0.334658823372863	-4.83196821396356	1.35189842877165e-06	7.87425429086178e-05
LOC_Os04g32950.MSUR7	3494.13452046724	3.39103596064298	0.272438040936879	12.4469987707357	1.45203284184357e-35	7.37010383867174e-33
LOC_Os04g33110.MSUR7	205.93093800965	-1.39792047542273	0.372372364524898	-3.75409296875805	0.000173970289831111	0.00580391023258158
LOC_Os04g33990.MSUR7	170.897714606797	-1.08687563576051	0.334982876105849	-3.24457073267554	0.00117627799503658	0.0299592524470607
LOC_Os04g34000.MSUR7	51.0337501917629	2.65722239244311	0.525163428248945	5.05980091055293	4.19694459743353e-07	2.72360623829796e-05
LOC_Os04g35560.MSUR7	38.6644126207641	1.70769429850505	0.540496582083008	3.15949139201547	0.00158044769058057	0.0376867828498842
LOC_Os04g35790.MSUR7	14.1629177392619	3.32059534353469	0.970357574948724	3.42203269110375	0.000621548399525859	0.0174574028736394
LOC_Os04g36070.MSUR7	60.9119084980743	1.52119536696317	0.448185527554425	3.39411978620493	0.00068849570266775	0.0191111346217071
LOC_Os04g36750.MSUR7	1231.56096827374	9.80071364586624	2.00919071681115	4.87794093605074	1.07199012166724e-06	6.42832219794715e-05
LOC_Os04g37960.MSUR7	62.5339439518931	7.60329633771483	1.11263550333994	6.83359133776612	8.28147260998558e-12	1.0415600772842e-09
LOC_Os04g38850.MSUR7	31.6394617258288	-1.95390976831024	0.62398074346033	-3.13136228768004	0.00173997368597748	0.04080611555299
LOC_Os04g41560.MSUR7	243.557211911214	-0.999310610986694	0.323186404234663	-3.09205646615351	0.0019877503434028	0.0454178583286827
LOC_Os04g41910.MSUR7	163.880758030296	1.49258779583137	0.32410341398988	4.60528254687862	4.11906208561026e-06	0.000212101849132946
LOC_Os04g42620.MSUR7	54.114674072836	-2.05215825739123	0.517762838847396	-3.96351013131724	7.38557277000979e-05	0.00270525155173658
LOC_Os04g44790.MSUR7	59.5664807786438	-2.09179428202865	0.490301219903318	-4.26634525290622	1.98701206219053e-05	0.000847851649005907
LOC_Os04g44830.MSUR7	106.640796890453	2.1460647057647	0.386133783101262	5.55782684573316	2.73154160046901e-08	2.18093647336323e-06
LOC_Os04g45480.MSUR7	547.495844499135	5.96180661570917	0.331436343641303	17.9877877911945	2.42861314505848e-72	4.31443125219639e-69
LOC_Os04g45490.MSUR7	1452.49395533199	-0.957374909029793	0.295628703758152	-3.2384369205671	0.00120186595010275	0.0305016408622504
LOC_Os04g46330.MSUR7	8.87205642149835	7.24631274429676	1.75010475007593	4.14050230078078	3.46546132957502e-05	0.00138735595537804
LOC_Os04g47220.MSUR7	1223.06007022131	0.832954812043387	0.261396843181878	3.18655268328479	0.00143979263066287	0.0347998858281985
LOC_Os04g49890.MSUR7	287.703428320985	-1.29532371128801	0.295996862394655	-4.37614000637933	1.20799438795402e-05	0.000546275442164327
LOC_Os04g51080.MSUR7	68.6827609025699	1.68188615228449	0.464814160494275	3.61840558062172	0.000296423605466483	0.00919956605068673
LOC_Os04g53310.MSUR7	1988.97432284771	0.755763397591702	0.238884598762303	3.16371755026246	0.00155767885889507	0.0372689089943042
LOC_Os04g53370.MSUR7	22.3919290474189	2.16445652349425	0.689241974245583	3.1403434561039	0.00168749867969131	0.0398384239796892
LOC_Os04g54430.MSUR7	152.343537795574	-1.06066530995901	0.341867417524448	-3.10256332013026	0.00191852500415001	0.0441198662766666
LOC_Os04g54810.MSUR7	135.232869856197	-1.28655530413254	0.375906335656755	-3.4225422188875	0.000620384626385756	0.0174574028736394
LOC_Os04g55170.MSUR7	29.4750734251944	2.36803378925927	0.61827889467923	3.83004144187686	0.000128121679851849	0.00438762726278187
LOC_Os04g55650.MSUR7	320.697997816065	-1.95817179237392	0.291799985680007	-6.71066445671896	1.93740154374627e-11	2.33341955421373e-09
LOC_Os04g58710.MSUR7	286.425088162027	-1.68387077469204	0.29884791243771	-5.63454086380148	1.75525338705944e-08	1.45032913586562e-06
LOC_Os04g58800.MSUR7	241.558330233929	1.17193423817733	0.350099618869916	3.34743077401855	0.000815643563383182	0.0219960651286561
LOC_Os04g59000.MSUR7	228.722348703956	1.67648410277739	0.361131458561547	4.64230978230237	3.44535778375329e-06	0.000182027601571382
LOC_Os05g01310.MSUR7	127.704742342304	2.3914846622929	0.368405217175127	6.49145167006705	8.50131841153752e-11	9.51344387911585e-09
LOC_Os05g01540.MSUR7	133.890878953822	-2.43081807655221	0.419174733957954	-5.79905676470481	6.66889572493059e-09	5.85051518782182e-07
LOC_Os05g02010.MSUR7	42.9954216324098	1.6540993772334	0.538652584375237	3.07080932165568	0.002134794346535	0.047554384409021
LOC_Os05g02040.MSUR7	30.5799901981003	3.31171841749254	0.678053798932727	4.88415288389397	1.0387445709914e-06	6.2553550181906e-05
LOC_Os05g02530.MSUR7	628.937534658719	1.01585373502694	0.257081573392961	3.95148404305961	7.76680517562794e-05	0.00283030346553908
LOC_Os05g03060.MSUR7	17.4009397897105	4.72587839288344	1.04232786525721	4.53396531974827	5.78865375641568e-06	0.000288660867319928
LOC_Os05g03910.MSUR7	547.334745972948	4.03029392196819	0.322863685303688	12.4829583053829	9.24854225655284e-36	4.86815861296774e-33
LOC_Os05g04150.MSUR7	119.664917842101	1.17736550156146	0.362130521260148	3.25121864200908	0.00114911449995936	0.0294256131052657
LOC_Os05g04170.MSUR7	527.49634587769	-0.973269126684985	0.260782008481563	-3.73211761176307	0.000189876805022409	0.00630497465649177
LOC_Os05g05390.MSUR7	106.143959255829	2.059431419834	0.3801965053455	5.41675525913241	6.06903238777866e-08	4.61246461471178e-06
LOC_Os05g06440.MSUR7	242.468948092968	3.40301186156685	0.352970434206367	9.64106772630494	5.36272375065798e-22	1.55540877437451e-19
LOC_Os05g07690.MSUR7	135.232366606145	1.03929032146858	0.336450842983168	3.08898117850925	0.00200844162515549	0.0456101169365913
LOC_Os05g07940.MSUR7	52.2224614955464	1.62167480359785	0.490288198848371	3.30759501739379	0.000941007832170323	0.02481187998294
LOC_Os05g09440.MSUR7	593.088548193198	2.63915222131977	0.280872435163687	9.39626638613266	5.65335944608886e-21	1.48788045273731e-18
LOC_Os05g09550.MSUR7	232.430253202111	2.06933883850789	0.315779385298523	6.55311567140976	5.63488341409745e-11	6.37680916078434e-09
LOC_Os05g11140.MSUR7	373.542057499739	2.50499184320176	0.28544496995975	8.77574351215571	1.69778383302936e-18	3.49694258478452e-16
LOC_Os05g13370.MSUR7	31.2895526440959	1.96849498918402	0.606147024420706	3.24755366252158	0.00116401711690001	0.0297001997583177
LOC_Os05g22830.MSUR7	126.296428217711	1.23552944716604	0.36973983734342	3.34161840942895	0.000832914815056518	0.0223418732052644
LOC_Os05g23740.MSUR7	3905.23570304357	1.98801099645198	0.237262182830404	8.37896276910264	5.33961600292321e-17	9.72905418378778e-15
LOC_Os05g24550.MSUR7	178.40096154669	-0.982011807130439	0.319462895253027	-3.0739463697424	0.0021124740408828	0.0472051589135634
LOC_Os05g28090.MSUR7	262.557707412864	-1.13355658549343	0.295722075139641	-3.83318216929918	0.000126496205842503	0.00434242530781075
LOC_Os05g28200.MSUR7	103.281284289671	-1.27359498756763	0.390540063610782	-3.26111225514859	0.0011097609656857	0.0285206561380202
LOC_Os05g30140.MSUR7	105.318334211307	1.36427277450916	0.376264486978926	3.62583454384195	0.000288029739198397	0.00907644934254461
LOC_Os05g30410.MSUR7	15.9774125115899	2.75307202123842	0.81876520349414	3.3624682747746	0.000772490020184572	0.0210722229690271
LOC_Os05g30454.MSUR7	28.3865488048342	1.97510087575902	0.640720147611596	3.08262645262768	0.00205182535320532	0.0461400979742942
LOC_Os05g30750.MSUR7	39.9491153196684	3.30891449659671	0.572080758427154	5.78399893346187	7.29454045679408e-09	6.32134201048521e-07
LOC_Os05g31160.MSUR7	63.8974423508524	3.64300460229718	1.15008862536906	3.16758597723558	0.00153710251699702	0.0368386188390585
LOC_Os05g33630.MSUR7	93.6710574551282	-2.38037402148317	0.448544608300292	-5.30688359069418	1.11515344023997e-07	8.12746702189251e-06
LOC_Os05g33700.MSUR7	55.3642886492159	2.90897664878021	0.496572562942447	5.85810990350139	4.68164801697213e-09	4.18462777466716e-07
LOC_Os05g33820.MSUR7	208.11595273279	1.60670786719653	0.312848416065799	5.13573917810281	2.81037201925351e-07	1.86632286571647e-05
LOC_Os05g33840.MSUR7	607.849810970432	1.24976754905533	0.344482984404077	3.62795146824832	0.000285678943088853	0.00904247024315986
LOC_Os05g34050.MSUR7	132.611907886284	1.42805546451805	0.338314555027858	4.22108787013452	2.43126133594324e-05	0.00101842281968717
LOC_Os05g34770.MSUR7	230.343166258796	1.27439041334582	0.296656915070558	4.2958392291065	1.74033680629004e-05	0.00075116482719949
LOC_Os05g35320.MSUR7	32.9143743218291	2.78568951685136	0.604654072147989	4.60707972569408	4.08363460857402e-06	0.000211812463711876
LOC_Os05g35330.MSUR7	620.893764785403	-4.90751526298503	0.39038097814493	-12.571092183603	3.04488166370516e-36	1.66437916171453e-33
LOC_Os05g35400.MSUR7	18.441635938218	8.30173898380223	1.61469395524217	5.1413699523989	2.72742406843899e-07	1.83107499162248e-05
LOC_Os05g35970.MSUR7	13.4471852446931	4.38094302815182	1.09770007153724	3.99102008075546	6.57897089669239e-05	0.00244765273256001
LOC_Os05g38270.MSUR7	147.272346402304	1.31514063662713	0.330994480471215	3.97330080778039	7.08834385997661e-05	0.00261614219749961
LOC_Os05g38280.MSUR7	76.8530193732297	10.3575668411715	1.50653249912353	6.87510348910315	6.19448727496545e-12	7.93117595962243e-10
LOC_Os05g38370.MSUR7	155.60100207669	1.7902532130701	0.361483480245189	4.95251736498662	7.32595165345188e-07	4.58662664752679e-05
LOC_Os05g38530.MSUR7	1164.01629146811	4.22770469800603	0.713724674737912	5.92343917429853	3.15277377084726e-09	2.89078844072782e-07
LOC_Os05g38710.MSUR7	288.243764549012	1.08908418119554	0.28679768684137	3.79739527605718	0.000146224520117055	0.00495976820979378
LOC_Os05g41120.MSUR7	133.393548132459	1.75442075749476	0.363720031072583	4.82354725507171	1.4102733547534e-06	8.11805390937327e-05
LOC_Os05g41880.MSUR7	23.7259130418115	3.96465983783001	0.77149125835248	5.13895626801597	2.76268679280721e-07	1.84334763846836e-05
LOC_Os05g44340.MSUR7	2777.62860652126	7.61283816548581	1.57104395564969	4.8457193944886	1.26153715433553e-06	7.40866365182502e-05
LOC_Os05g45750.MSUR7	58.5713454185108	1.81816891973932	0.451453082938474	4.02737070241052	5.64040666973284e-05	0.00212629866287117
LOC_Os05g45830.MSUR7	207.294258552284	2.16584780068367	0.330531430503749	6.55262283947641	5.653517831824e-11	6.37680916078434e-09
LOC_Os05g45900.MSUR7	57.0695082339069	1.70037236719651	0.474890676264958	3.58055538291472	0.000342864657629868	0.0104566362966431
LOC_Os05g46290.MSUR7	56.943426086094	3.8142193024904	0.533306221593004	7.15202476186606	8.55071390841455e-13	1.22750248551907e-10
LOC_Os05g46620.MSUR7	568.19730441183	0.98124003061531	0.278127328612903	3.52802450413278	0.000418673397352377	0.0124221008834488
LOC_Os05g47550.MSUR7	226.071923798038	0.984159297996545	0.319892423919641	3.07653206017712	0.00209423780253055	0.04694528020436
LOC_Os05g48060.MSUR7	38.6908437771311	1.74840580805134	0.550324886958957	3.17704296040992	0.00148784994521752	0.035900379323313
LOC_Os05g48810.MSUR7	63.0718842212511	2.0602502268729	0.446943934856182	4.60963907595223	4.03368623388327e-06	0.000210351236733545
LOC_Os05g49140.MSUR7	339.578751068192	-0.912638962714257	0.279768975572021	-3.26211639746065	0.00110583726963055	0.0285206561380202
LOC_Os05g49380.MSUR7	285.775809888976	0.935447309812689	0.303647588961598	3.08070060102138	0.00206514191430266	0.0463661878136957
LOC_Os05g50550.MSUR7	556.481985107857	-1.46320552448718	0.294387551168358	-4.97033763377578	6.68364114726743e-07	4.24053160647164e-05
LOC_Os05g51110.MSUR7	29.5504331271507	3.00037398045511	0.683731105425306	4.38823677414641	1.14273330761223e-05	0.000520288040651995
LOC_Os05g51670.MSUR7	241.638855503584	1.34925537007906	0.315477654381585	4.27686510071191	1.89543580987941e-05	0.000813834855891424
LOC_Os06g02000.MSUR7	33.1424458234702	2.753820967219	0.641116997701108	4.29534855119041	1.74419077523101e-05	0.00075116482719949
LOC_Os06g02380.MSUR7	6857.02756368267	1.7398459298478	0.235692510121579	7.38184649546277	1.56109122597718e-13	2.38561596812771e-11
LOC_Os06g02420.MSUR7	120.433252580129	1.11218048286821	0.350402473164567	3.17400865588604	0.00150349206995049	0.036155041113598
LOC_Os06g02620.MSUR7	451.948485280125	2.65735785485618	0.301272157377313	8.82045615495793	1.13994377321503e-18	2.38248248601942e-16
LOC_Os06g03930.MSUR7	1031.86451675684	-1.59697823106792	0.249067717214442	-6.41182345479546	1.43789295635948e-10	1.58632714418311e-08
LOC_Os06g04070.MSUR7	300.599449931266	-1.28490317978947	0.28976720694776	-4.43426015429385	9.23890092003446e-06	0.000436223454735979
LOC_Os06g04240.MSUR7	14.7802009040064	4.51745073899805	1.07105879654765	4.21774299745186	2.46759836389185e-05	0.00102542420899506
LOC_Os06g04390.MSUR7	635.194271101935	1.95184450952832	0.280869435202323	6.94929481423396	3.67116644562272e-12	4.87613247898973e-10
LOC_Os06g04790.MSUR7	19.0263023445958	2.32380844680936	0.739595024809384	3.14200118829662	0.00167797354861575	0.0396794676754194
LOC_Os06g05400.MSUR7	123.053140935047	1.135976403403	0.351195299367068	3.23460025077296	0.00121813148115236	0.0308044210144793
LOC_Os06g05420.MSUR7	21.8512992848426	2.76898878885876	0.735188987572536	3.76636325579558	0.000165642739997231	0.00555215712462416
LOC_Os06g05740.MSUR7	186.198663393078	4.12906506759113	0.418403064881381	9.86863007029294	5.69368760644906e-23	1.79819307250787e-20
LOC_Os06g06250.MSUR7	393.163275448676	-1.02117679355005	0.271557108497051	-3.76044950250728	0.000169608311668953	0.0056717019422098
LOC_Os06g06490.MSUR7	244.073615456916	4.86749923217117	0.800898105169477	6.07755119003705	1.22031731118142e-09	1.23001061180924e-07
LOC_Os06g06980.MSUR7	70.1170292671628	-1.35146536161315	0.433339863622275	-3.1187192203281	0.00181638963880118	0.0420519025454747
LOC_Os06g08840.MSUR7	84.1862512145145	1.20482795207273	0.390194735912335	3.08776065175677	0.00201670827666904	0.0456392643758287
LOC_Os06g09540.MSUR7	515.652462119628	0.839129549413959	0.272105619064415	3.08383763738195	0.00204349085308418	0.0460255023835695
LOC_Os06g09560.MSUR7	45.7305515428588	4.62934159472313	0.652155701687506	7.09852199826564	1.26098118853974e-12	1.77436283678483e-10
LOC_Os06g09679.MSUR7	196.637272787424	1.4591286581864	0.308333991499998	4.73229906014565	2.2199102088002e-06	0.000123722995637131
LOC_Os06g09820.MSUR7	33.476183784848	4.47457469594517	0.710890651731325	6.29432203820329	3.08746256858021e-10	3.27455358392999e-08
LOC_Os06g11320.MSUR7	97.2953947964559	1.65277817250758	0.373590681604481	4.42403478965081	9.68744098593567e-06	0.000451402987843009
LOC_Os06g11610.MSUR7	23.1604606618882	3.08982306152989	0.732079687911159	4.22061028676546	2.43641822891668e-05	0.00101842281968717
LOC_Os06g12370.MSUR7	11.8868492877356	7.65935747312002	1.6714248942993	4.58253164664692	4.59380159076976e-06	0.000232338463373736
LOC_Os06g12530.MSUR7	66.3040711585027	2.50837735352865	0.544201578189063	4.6092798221493	4.04066194963819e-06	0.000210351236733545
LOC_Os06g12940.MSUR7	19.2921767646709	8.36130878073213	1.59416738448501	5.24493780396416	1.5633505597539e-07	1.09449941651342e-05
LOC_Os06g13580.MSUR7	25.2337099481438	2.75652859623386	0.69386327790316	3.97272587268782	7.1054804970085e-05	0.00261614219749961
LOC_Os06g14240.MSUR7	58.1477315200739	4.0550480682375	0.605765728023546	6.694086311994	2.17023302378078e-11	2.59187829697248e-09
LOC_Os06g15779.MSUR7	98.3188432345302	1.58912351810048	0.383248229352407	4.14646016965478	3.37654885111691e-05	0.00136328159863845
LOC_Os06g15810.MSUR7	17.8020077034372	2.67473498599881	0.775686609596962	3.44821601005665	0.000564302542232323	0.0161365547891464
LOC_Os06g16640.MSUR7	52.5206120506257	-2.65254997646406	0.589748551556163	-4.49776429202718	6.86717687141478e-06	0.000334233964714201
LOC_Os06g18990.MSUR7	70.5263960651064	-2.09401017827308	0.471976149760279	-4.43668642861858	9.13542188759171e-06	0.000434222795539978
LOC_Os06g19680.MSUR7	121.570039934507	1.46150602380135	0.351561511253767	4.15718438172942	3.22193947014962e-05	0.00130829153570761
LOC_Os06g21380.MSUR7	319.645822975821	-1.68619281619688	0.344442958713905	-4.8954196145941	9.8096184970459e-07	5.93252332255388e-05
LOC_Os06g22960.MSUR7	1197.46452657528	0.858969050397268	0.248016064170285	3.46336054187002	0.000533473051559117	0.0152857238079802
LOC_Os06g28124.MSUR7	25.7015440744939	-2.4076171421062	0.738635876956608	-3.2595453554548	0.00111590936578679	0.028626902358415
LOC_Os06g29400.MSUR7	150.487517178529	1.02710318482192	0.325468020498914	3.1557729796232	0.00160073398253656	0.0381065851923109
LOC_Os06g30750.MSUR7	369.367041507722	0.99113126927081	0.289581071246113	3.42263831336011	0.00062016537177453	0.0174574028736394
LOC_Os06g30970.MSUR7	269.710775556592	2.13829602422488	0.388377391578716	5.50571704375714	3.67668666456311e-08	2.88690999319177e-06
LOC_Os06g33200.MSUR7	92.3408394069081	2.41838842927065	0.444262459186333	5.44360294070295	5.22135365825171e-08	4.01112855086882e-06
LOC_Os06g33330.MSUR7	83.7961846565053	2.08289426432323	0.505839388683028	4.11769884062632	3.82674315731377e-05	0.00150652835877405
LOC_Os06g36560.MSUR7	113.595987537036	-2.14977871313974	0.421540693854593	-5.09981300614666	3.39989199529012e-07	2.22669424133932e-05
LOC_Os06g36930.MSUR7	26.5017604252271	8.81581334445367	1.55916045826914	5.65420531138939	1.56568969516086e-08	1.31666165370569e-06
LOC_Os06g38294.MSUR7	95.7494764107945	1.4380276896534	0.409917450008839	3.50809093299733	0.000451334750451349	0.013252829490526
LOC_Os06g39240.MSUR7	45.6037204521455	4.47936828160726	1.23710712198106	3.62084107513191	0.000293646858130653	0.00919231089813402
LOC_Os06g39260.MSUR7	257.929033720773	3.75380404593179	0.322512369908642	11.6392560291412	2.60276012771242e-31	1.0568693410014e-28
LOC_Os06g39712.MSUR7	676.876053687139	-1.398498324686	0.287441977690646	-4.86532390265946	1.14269513827896e-06	6.76665971050855e-05
LOC_Os06g39716.MSUR7	710.889492505296	-0.922993526869551	0.286279519350042	-3.22409905174173	0.00126369681057929	0.0315081738104437
LOC_Os06g39740.MSUR7	415.194725305926	-5.98133474000483	0.439966047415321	-13.5949916479772	4.28809629500754e-42	2.64967063237596e-39
LOC_Os06g39744.MSUR7	311.278032403083	-7.34339364521029	0.711456452087723	-10.3216347587566	5.62570336094355e-25	1.95006088209097e-22
LOC_Os06g39756.MSUR7	51.0432923616707	-5.0301209421498	0.854242566920494	-5.88839884236061	3.89955115079504e-09	3.53887678454605e-07
LOC_Os06g40818.MSUR7	56.6710226843937	-1.51475626594156	0.490055507878093	-3.09098916671777	0.00199490912097671	0.0455082639282842
LOC_Os06g40940.MSUR7	1747.31708538953	-0.868316350908424	0.263519907454551	-3.29506927691291	0.000983974189787098	0.0257536670078347
LOC_Os06g41770.MSUR7	33.9629913229117	2.917311265783	0.619948919421082	4.70572844696178	2.52961055425254e-06	0.000137742625276004
LOC_Os06g43660.MSUR7	677.289653747322	-0.910309727320964	0.267253288274066	-3.40616848234043	0.000658815086190419	0.0183950491256154
LOC_Os06g43940.MSUR7	134.952439858995	1.23052170452278	0.401583140693126	3.06417670422846	0.00218269945562064	0.0481685165578891
LOC_Os06g45710.MSUR7	73.6157418806128	3.70416264019928	0.462987560471457	8.00056622779963	1.23848358156445e-15	2.09539626918975e-13
LOC_Os06g45850.MSUR7	37.9860058442715	1.82075858857912	0.541904306549736	3.35992640503589	0.00077963237728177	0.0211857272388691
LOC_Os06g46900.MSUR7	418.548618035969	4.26456448674705	0.334838987636612	12.7361646767826	3.72249292266524e-37	2.11616277667674e-34
LOC_Os06g47970.MSUR7	536.008610547779	1.31776250685785	0.285364751979685	4.61781806518158	3.87796013852552e-06	0.000203371105124445
LOC_Os06g48200.MSUR7	127.6171933595	-1.32738493393784	0.37128027955265	-3.57515603989846	0.000350019073696559	0.0106519723241445
LOC_Os06g49030.MSUR7	132.817378149722	2.63427535877473	0.359063902536496	7.3365084603763	2.19237960586059e-13	3.24563530817612e-11
LOC_Os06g50300.MSUR7	3776.27993298282	4.07124615443397	0.248918153712887	16.3557623006071	3.95725215035644e-60	4.32618981237429e-57
LOC_Os06g51100.MSUR7	78.1057030634759	3.08879173742596	0.441488723990328	6.99630946291988	2.62792743712107e-12	3.59116391695814e-10
LOC_Os06g51220.MSUR7	540.185482281298	-1.74765992392967	0.292734748451378	-5.97011435497535	2.37087351740054e-09	2.26354578419739e-07
LOC_Os07g07550.MSUR7	35.6706231590561	2.02343538982316	0.563872929767292	3.58845988697884	0.000332637159254784	0.0101884467830366
LOC_Os07g08200.MSUR7	60.5669301664501	-2.25537660959142	0.53938365703488	-4.18139589543696	2.89724898214782e-05	0.00118320984293922
LOC_Os07g08840.MSUR7	1582.15893893914	2.31553462869689	0.254349517472269	9.10375082173823	8.72648440568884e-20	2.03312780940409e-17
LOC_Os07g08880.MSUR7	90.8891413367764	1.28407288373816	0.382570977548609	3.35643046413526	0.00078955572676122	0.0213646781949653
LOC_Os07g08970.MSUR7	213.228497564766	-1.37322016960561	0.311199344354772	-4.41267051012844	1.02103324215184e-05	0.000468554665516982
LOC_Os07g09400.MSUR7	49.2961079591413	1.89732919729067	0.522004791053794	3.63469690280131	0.000278307634301158	0.00886840380871763
LOC_Os07g09814.MSUR7	35.9140257975398	3.15205670607916	0.589919618079257	5.34319695341217	9.13214445642165e-08	6.8308440534034e-06
LOC_Os07g10500.MSUR7	53.0155350775586	1.92535935366733	0.495332250372087	3.88700584753168	0.000101488310222244	0.00357017788336271
LOC_Os07g10840.MSUR7	514.781265316246	1.27808186733425	0.259457505738867	4.92597762278877	8.39396042013914e-07	5.18148185544157e-05
LOC_Os07g13770.MSUR7	60.284333043522	-1.51275090699214	0.466762484391664	-3.24094364388287	0.00119134733769182	0.0302887806140898
LOC_Os07g14270.MSUR7	2241.45357724718	2.9131800790616	0.246254272388678	11.8299676623013	2.73247035170605e-32	1.14217260701313e-29
LOC_Os07g16364.MSUR7	88.2748889575167	1.64237767611732	0.398089461205705	4.12564972492113	3.69689575494917e-05	0.00145945229081493
LOC_Os07g19030.MSUR7	12.4895095814414	3.11904604347996	0.960401032253163	3.2476496158719	0.001163624683098	0.0297001997583177
LOC_Os07g25002.MSUR7	380.346708303916	-3.96656470053953	0.324027537277507	-12.2414432238284	1.86683250522795e-34	8.03982532251502e-32
LOC_Os07g26940.MSUR7	70.6666950464652	1.41969002677471	0.42121035616701	3.37050123765667	0.000750315689631694	0.0206175468092231
LOC_Os07g29794.MSUR7	49.9886738567176	1.93795458247304	0.477265527868851	4.06053751907592	4.89598684539601e-05	0.00187551927349779
LOC_Os07g31540.MSUR7	393.179306213887	1.93273153720076	0.286346667079154	6.74962120884929	1.48231632903433e-11	1.81609307484792e-09
LOC_Os07g36190.MSUR7	894.683731171233	1.57713031895469	0.304867357189463	5.1731688610223	2.30156835574424e-07	1.58785871222511e-05
LOC_Os07g36490.MSUR7	32.0831105565917	3.71889009633066	0.664867243314905	5.593432574282	2.22623704307757e-08	1.79768641228514e-06
LOC_Os07g40974.MSUR7	101.694066876794	-1.27278405667403	0.393353228158409	-3.23572800618142	0.00121332939589601	0.0307376780293655
LOC_Os07g41300.MSUR7	47.6450494144984	4.25620685660436	0.601348070836805	7.07777585563988	1.46486400308613e-12	2.04104384430001e-10
LOC_Os07g42380.MSUR7	129.527852782608	2.27405916114378	0.354678189700866	6.41161263133127	1.43988320855349e-10	1.58632714418311e-08
LOC_Os07g43470.MSUR7	266.764752015936	1.79164124536599	0.32194186536864	5.56510798405939	2.61990122027793e-08	2.10361786116328e-06
LOC_Os07g43740.MSUR7	11.9895609998038	3.53945199568352	1.03007153844582	3.43612250565029	0.000590104075448707	0.016806731703962
LOC_Os07g43810.MSUR7	200.137563066027	-1.2458946139744	0.344050278997936	-3.62125738599349	0.000293174660553656	0.00919231089813402
LOC_Os07g43950.MSUR7	127.245076487508	1.9980890957178	0.422759610638761	4.72630082305835	2.28646848342645e-06	0.000126502719527431
LOC_Os07g44060.MSUR7	48.6512400788271	-1.65649698050195	0.53532497064474	-3.09437644671588	0.00197227062569615	0.0451367312920994
LOC_Os07g44740.MSUR7	311.678170087736	3.79403873692856	0.336495554497	11.2751526319566	1.74076463364675e-29	6.87215193705211e-27
LOC_Os07g44950.MSUR7	125.179019691455	1.43157372494359	0.362602423110756	3.94805338768052	7.87892365183226e-05	0.00284201174974214
LOC_Os07g46640.MSUR7	63.3003151189563	2.20555505325987	0.457255811802589	4.82345985842183	1.41089172221728e-06	8.11805390937327e-05
LOC_Os07g46700.MSUR7	92.5771968263238	1.21357555085971	0.386952813995218	3.13623653057272	0.00171131123097829	0.0402668132693104
LOC_Os07g47510.MSUR7	169.263357268197	1.80272163946723	0.36000946743616	5.00742842210643	5.51620546117957e-07	3.54734443503548e-05
LOC_Os07g47840.MSUR7	10.0713587955619	7.41773624397022	1.70964360594748	4.33876172680991	1.43287770644267e-05	0.00062852030752973
LOC_Os07g48160.MSUR7	132.953058234953	1.75335856025531	0.352730226879735	4.97082026614385	6.6670233055299e-07	4.24053160647164e-05
LOC_Os07g48350.MSUR7	204.88967252487	1.4315257084373	0.319391465754191	4.48204119999571	7.39324655117297e-06	0.000357390544167586
LOC_Os07g49010.MSUR7	138.237343761848	1.85126952884498	0.352645390941384	5.24966319254318	1.52377556305964e-07	1.07207417337642e-05
LOC_Os07g49110.MSUR7	2082.55332297953	-0.918634801570566	0.269637701466384	-3.4069226839374	0.000656997349417392	0.0183927348709031
LOC_Os07g49310.MSUR7	47.8520233490475	-1.8057401173912	0.51686040816763	-3.49367080328884	0.00047642810743594	0.0138466181244981
LOC_Os08g01180.MSUR7	88.9136258263427	1.82600578382731	0.385766308558843	4.73345064956283	2.20734651409756e-06	0.000123722995637131
LOC_Os08g01920.MSUR7	168.84818936704	1.20278718961616	0.317878799364204	3.78379178486228	0.000154457053680365	0.00521411792614096
LOC_Os08g02130.MSUR7	63.6036218720948	1.42219167901716	0.441410782499338	3.22192328643284	0.00127333222919997	0.0316374084639685
LOC_Os08g02140.MSUR7	63.9812357347874	1.40912109162619	0.435944449829132	3.23234093742562	0.00122780469720336	0.0309417763509984
LOC_Os08g02460.MSUR7	120.494527385069	2.33860411561426	0.356886875576176	6.55278822410797	5.64725778035218e-11	6.37680916078434e-09
LOC_Os08g02540.MSUR7	108.701272480379	2.18077312006004	0.497026262260898	4.38764163112836	1.14586375403936e-05	0.000520288040651995
LOC_Os08g03290.MSUR7	1361.27432892912	1.17508038855795	0.24492918615449	4.79763317311138	1.60551462447966e-06	9.20063461415519e-05
LOC_Os08g03650.MSUR7	164.727158642918	1.12335840721154	0.321434600779685	3.4948272665316	0.000474368649498446	0.0138150148497375
LOC_Os08g04500.MSUR7	1171.226332988	-1.8608705785727	0.308115024151474	-6.03953209908346	1.5456176471077e-09	1.5045423288147e-07
LOC_Os08g04630.MSUR7	46.4009664808351	1.8697216015394	0.516730788866634	3.6183669365635	0.000296467861751655	0.00919956605068673
LOC_Os08g06550.MSUR7	505.444496434695	1.3086427841312	0.363566012980448	3.59946402416217	0.000318873742802206	0.00983044171953353
LOC_Os08g09690.MSUR7	121.913715311821	2.26480079476959	0.362618138411953	6.24569086557016	4.21930943667857e-10	4.4418389417834e-08
LOC_Os08g13360.MSUR7	91.3657267708678	1.24165379257937	0.385203413661642	3.22337172658087	0.00126691026841954	0.0315329750171253
LOC_Os08g13920.MSUR7	195.857445845046	-0.993301744129696	0.317467867794665	-3.12882607940705	0.00175506156405414	0.0410921498325163
LOC_Os08g14330.MSUR7	62.5242204289132	1.50775249717579	0.468577269402832	3.21772436613777	0.0012921192357739	0.0319366931805543
LOC_Os08g15270.MSUR7	86.9794079983093	-9.27130018677057	1.49540723733641	-6.19984975014861	5.65170890082948e-10	5.90603580136681e-08
LOC_Os08g15296.MSUR7	6786.98246221204	0.945255816853156	0.228820910469638	4.13098529724878	3.61211686581878e-05	0.00142995556816202
LOC_Os08g15308.MSUR7	32.5121734294284	-2.22453885002307	0.633992104336878	-3.50878005389329	0.000450167015671293	0.0132459081298559
LOC_Os08g15322.MSUR7	20635.9984807727	0.97316097080756	0.225949990913966	4.30697503846373	1.65502278127439e-05	0.000719302255885984
LOC_Os08g17680.MSUR7	218.421019340649	3.87458314971885	0.347069063377064	11.1637237615426	6.13661785604075e-29	2.35712467486625e-26
LOC_Os08g17980.MSUR7	77.8728417528416	5.4483407045983	0.586385090506579	9.29140387913252	1.52266501840183e-20	3.73105435198738e-18
LOC_Os08g20492.MSUR7	47.1575573992286	-8.38433035816322	1.54172900589598	-5.43826465358006	5.38020167893668e-08	4.11093689575528e-06
LOC_Os08g24400.MSUR7	216.158464265145	1.4693287563366	0.314899231061961	4.66602840337672	3.07077271767774e-06	0.000163452516343206
LOC_Os08g24420.MSUR7	522.218684406844	1.68525339661354	0.266446768439547	6.32491587900754	2.53370573208759e-10	2.72795650488097e-08
LOC_Os08g25090.MSUR7	46.0012655143579	2.02350269159265	0.554713450831351	3.64783418999488	0.00026446021023524	0.00848421785070707
LOC_Os08g25690.MSUR7	7.19993143756531	6.93902414005132	1.79664193278692	3.86221873898246	0.000112361891406425	0.00392355577559733
LOC_Os08g27040.MSUR7	109.954074772928	1.8570734214195	0.371799921273929	4.9948192970468	5.88908827192409e-07	3.77007759101735e-05
LOC_Os08g29170.MSUR7	322.253895376532	1.3231658614251	0.306913746013388	4.31119778313019	1.62372586319355e-05	0.000707864784285485
LOC_Os08g29710.MSUR7	87.1865769250975	1.19397752706458	0.388654261617254	3.07208139721986	0.00212571750697516	0.0474265262309748
LOC_Os08g33640.MSUR7	51.6511895558527	1.81859196899975	0.503336838921706	3.61307146303001	0.00030259126343405	0.00936912208262466
LOC_Os08g34190.MSUR7	98.1867858115623	2.66440565981198	0.394016159689187	6.76217356646934	1.35936710229259e-11	1.67994132676368e-09
LOC_Os08g34740.MSUR7	27.6143089776032	3.38041793150776	0.680611726548931	4.96673477644633	6.80896087979143e-07	4.28181203644229e-05
LOC_Os08g34950.MSUR7	616.999008366338	1.1054150164641	0.250752233027863	4.40839550306724	1.04139244863921e-05	0.000475892909326703
LOC_Os08g35420.MSUR7	14852.9275658732	0.999506757504283	0.303894002374644	3.28899797197077	0.00100544748129128	0.0262673154487348
LOC_Os08g35760.MSUR7	65.0291975995873	-2.04190501973169	0.485348952914579	-4.20708648379647	2.58684163281903e-05	0.00106254893889087
LOC_Os08g36150.MSUR7	546.35020569127	3.04772240218593	0.28637141555533	10.6425510251287	1.8888584190573e-26	7.06433048727431e-24
LOC_Os08g36480.MSUR7	184.344656303563	-1.24547925099549	0.38112533268113	-3.26789941312436	0.00108348865431632	0.0280483438162907
LOC_Os08g36774.MSUR7	100.731419460449	1.29227953892508	0.367446982756926	3.51691427489539	0.000436594761605427	0.0128999682992439
LOC_Os08g37432.MSUR7	230.952823903599	-1.10903227687524	0.343446546345486	-3.22912630415453	0.00124169042324196	0.0311782761397787
LOC_Os08g37650.MSUR7	18.820618851184	2.78154868704126	0.757725107529677	3.67092057449385	0.000241678439351512	0.00782399539877835
LOC_Os08g38086.MSUR7	360.018621829168	2.01185617479295	0.279339410961547	7.20219237188085	5.92520144578627e-13	8.68133638634170e-11
LOC_Os08g39140.MSUR7	9801.03030016715	2.92590561381451	0.626598582810054	4.66950563579788	3.0192541695939e-06	0.000161923170785919
LOC_Os08g39150.MSUR7	550.147667209644	1.83703454872504	0.300311319205735	6.11710059275702	9.52932179584445e-10	9.81382038858995e-08
LOC_Os08g39560.MSUR7	91.7081954594582	3.47323200897932	0.425882396557413	8.1553781913855	3.48088898048294e-16	6.03297490129555e-14
LOC_Os08g40910.MSUR7	8.08734978556593	4.00896705289129	1.28547813963904	3.11865828696007	0.00181676528025059	0.0420519025454747
LOC_Os08g41390.MSUR7	4361.51704279348	2.71523609110188	0.312783288469721	8.68088606775015	3.92697372123802e-18	7.64522609948421e-16
LOC_Os08g42000.MSUR7	237.9214877077	1.0696440597803	0.310664699703795	3.44308207788063	0.000575124736726729	0.0164129975067475
LOC_Os08g42590.MSUR7	1569.96296543406	-1.64044236015667	0.243655645812699	-6.73262609895647	1.66627866722385e-11	2.02403012124662e-09
LOC_Os08g43300.MSUR7	70.6136062114264	2.36676961903791	0.429247520249687	5.51376422084207	3.51239076931414e-08	2.77322764519403e-06
LOC_Os08g44015.MSUR7	75.7711499320322	1.69236100519974	0.40909327879811	4.13685849391558	3.52093088373684e-05	0.00140166581847809
LOC_Os08g44330.MSUR7	99.1698115189103	2.25635568349938	0.378612107066849	5.95954445561614	2.52942047464624e-09	2.39654158571149e-07
LOC_Os08g44360.MSUR7	15.7640068191806	3.79283411446327	1.00187879141574	3.78572153334404	0.000153263226596528	0.00518613565807107
LOC_Os08g44850.MSUR7	340.475082864339	1.82624229714482	0.34135185416831	5.35002893596222	8.79401698679153e-08	6.61272854054398e-06
LOC_Os09g04680.MSUR7	2161.99224294607	-2.29997593723283	0.245456971285905	-9.37017973123219	7.24091198462379e-21	1.87105165682679e-18
LOC_Os09g08464.MSUR7	646.846211511694	1.41805091600404	0.275826596136386	5.14109565889311	2.73140935986466e-07	1.83107499162248e-05
LOC_Os09g11250.MSUR7	41.2795200739508	2.20488648495317	0.522591306051003	4.21914115183917	2.45234710905763e-05	0.00102207498867821
LOC_Os09g11510.MSUR7	61.805765871185	1.46305604067838	0.453254710233997	3.22788932501785	0.00124707212911075	0.0312581818323139
LOC_Os09g14680.MSUR7	89.1196330658242	1.18101875456174	0.385135151204872	3.06650470845621	0.00216577397280278	0.0480186890818613
LOC_Os09g16330.MSUR7	190.84702833293	-1.80449195248083	0.326952887298485	-5.51911918377847	3.4070306899267e-08	2.70506816565577e-06
LOC_Os09g19952.MSUR7	2033.35695471573	1.89836596220957	0.277049917310635	6.8520719321532	7.27879369873625e-12	9.23626928986068e-10
LOC_Os09g26370.MSUR7	180.326267177629	1.20155547932073	0.357898358050456	3.35725339972457	0.000787209301526107	0.0213507988421546
LOC_Os09g26570.MSUR7	18.8380925999611	2.55621649346588	0.763997040500938	3.34584606740076	0.00082031922149384	0.0220802590452092
LOC_Os09g26730.MSUR7	264.5121196219	1.51324923237585	0.286746787135231	5.27730143899467	1.31100134921715e-07	9.41007635104752e-06
LOC_Os09g27830.MSUR7	487.993900099979	3.42058774570801	0.744246885502324	4.59603904610137	4.30598041885974e-06	0.000220131632060556
LOC_Os09g29840.MSUR7	1333.99654171112	3.01932112332162	0.245034796686605	12.3220096253647	6.89542455296406e-35	3.26659245822417e-32
LOC_Os09g30120.MSUR7	64.6290192746796	-1.41102916309143	0.455818410630465	-3.09559493470166	0.00196418484557429	0.0450241855246802
LOC_Os09g30412.MSUR7	841.406892085585	2.14772579496719	0.28516640098221	7.53148262758056	5.01673870515652e-14	7.83493301952577e-12
LOC_Os09g30418.MSUR7	575.990723116425	2.23126336878067	0.294893204109263	7.56634380748209	3.83875247669792e-14	6.06181668875899e-12
LOC_Os09g31486.MSUR7	95.2239985650692	1.52822706166246	0.385954981479319	3.95959926674595	7.50756338644975e-05	0.00274286608864329
LOC_Os09g33555.MSUR7	16.4645415346269	2.72712577365347	0.883585640972801	3.08643061543076	0.00202575218197739	0.0456983968416868
LOC_Os09g33680.MSUR7	621.034995262975	-1.00378135794832	0.254116013062202	-3.95009092836119	7.8121509251277e-05	0.00283593447372274
LOC_Os09g33780.MSUR7	95.4839489134104	2.9228882683676	0.442829777899801	6.60047813909427	4.09833820221049e-11	4.73541321380614e-09
LOC_Os09g33800.MSUR7	96.2729436972902	2.23693134855492	0.390392015114418	5.72996183822897	1.00453231063179e-08	8.60024891487894e-07
LOC_Os09g35790.MSUR7	323.482042314467	2.38756077681759	0.342375279644328	6.97351975673558	3.0910800401212e-12	4.14438014435873e-10
LOC_Os09g37910.MSUR7	34.7448794720256	-1.97770741786141	0.631107640609266	-3.13370856349029	0.00172612201101844	0.0405481752406514
LOC_Os09g38370.MSUR7	76.9346714502455	2.43795503056589	0.451914490315315	5.39472639805123	6.86280454046219e-08	5.18798819835365e-06
LOC_Os09g38620.MSUR7	272.877305588106	2.88933866895669	0.304350662241139	9.49345287334202	2.23505538915396e-21	5.99332211144454e-19
LOC_Os09g39380.MSUR7	991.414785090171	1.21999109037108	0.259202779736797	4.7067052738011	2.51752470121814e-06	0.000137611773283509
LOC_Os09g39680.MSUR7	386.752478314915	-0.949423183427096	0.272371526811724	-3.48576517722201	0.000490731573298333	0.0141791953811265
LOC_Os10g01080.MSUR7	209.669883939126	-1.57286523264705	0.401730257029583	-3.91522720811947	9.03191124531105e-05	0.00322516388488343
LOC_Os10g06000.MSUR7	501.477496829533	-0.935656406007658	0.268427672457507	-3.4856928029869	0.000490864348966663	0.0141791953811265
LOC_Os10g07229.MSUR7	239.069454648917	1.19903708444574	0.308748688254382	3.8835374207577	0.000102947679393625	0.00361257387541285
LOC_Os10g08474.MSUR7	168.808696576341	1.51626435461071	0.347928890899233	4.35797197149072	1.31273190185819e-05	0.000580557069424641
LOC_Os10g09850.MSUR7	42.3154716127544	1.5473937440573	0.504408915935995	3.0677367016519	0.00215686567579563	0.0479396301115503
LOC_Os10g11310.MSUR7	125.411854280305	1.82641618262072	0.362127608751004	5.04357065985696	4.56923924167718e-07	2.95172855012346e-05
LOC_Os10g14920.MSUR7	37.1495432686699	-2.1227251444406	0.597185592157322	-3.55454848931016	0.000378628687055208	0.0114980147445056
LOC_Os10g21192.MSUR7	1058.59541761451	1.66741361496699	0.322999084101169	5.16228589194614	2.43952329819345e-07	1.65887584277155e-05
LOC_Os10g21196.MSUR7	3210.01518614728	-1.05635088643493	0.243115450678254	-4.34505862744582	1.39238470469746e-05	0.000612649270066884
LOC_Os10g21236.MSUR7	1139.74971720534	1.15021304881712	0.259083338461136	4.43954850840268	9.01477948584594e-06	0.000429926329036384
LOC_Os10g21238.MSUR7	12.7109271879863	-6.4956621284406	1.64481522311469	-3.94917437360542	7.84212108199436e-05	0.00283593447372274
LOC_Os10g21244.MSUR7	11.7608470121769	-6.38055270446388	1.67167981907279	-3.81685094936595	0.000135165766936598	0.00460665678585834
LOC_Os10g21266.MSUR7	2069.68812831977	-2.1404119501538	0.256410214594309	-8.34760796694607	6.96593436319878e-17	1.25316277430103e-14
LOC_Os10g21272.MSUR7	577.085625937225	0.946007961459377	0.254080540769123	3.72326018590693	0.000196666662860435	0.00648498053961138
LOC_Os10g21290.MSUR7	20.0360784112391	-7.1529707239506	1.58116784651077	-4.52385288490111	6.07239404665424e-06	0.00030175127339528
LOC_Os10g21324.MSUR7	27.2743696817778	-6.12793591842208	1.52110034969781	-4.02862041261084	5.61051222458629e-05	0.00212065424829309
LOC_Os10g21332.MSUR7	17.914530098938	-6.98900337737879	1.59725401402939	-4.37563675908231	1.21078500057531e-05	0.000546275442164327
LOC_Os10g21396.MSUR7	3800.33150788412	-0.789615239914093	0.245506615687777	-3.21626868466259	0.00129869181011412	0.0320434166759408
LOC_Os10g21402.MSUR7	20.3646849820824	-7.17718401672534	1.58263221612487	-4.53496645878909	5.76126403083212e-06	0.00028830663523305
LOC_Os10g27330.MSUR7	34.3411237050921	2.02852345001927	0.582228596834857	3.48406701602573	0.000493855813698169	0.0141998289769054
LOC_Os10g27340.MSUR7	175.61504669059	1.46096599720503	0.317765181721847	4.5976276862324	4.27328741156426e-06	0.000219248955570943
LOC_Os10g28200.MSUR7	238.152582104991	-1.66305217804394	0.316326446951416	-5.25739214685191	1.46112531801639e-07	1.03311010048005e-05
LOC_Os10g28340.MSUR7	176.134792492942	3.13237259312987	0.334536458515445	9.36332203380835	7.7268233534664e-21	1.96095738391901e-18
LOC_Os10g28360.MSUR7	2444.34498889083	1.15546983946867	0.30027354805616	3.84805736951748	0.000119058176057159	0.00411692164993757
LOC_Os10g30080.MSUR7	77.65140402878	1.29183615898154	0.416586039553027	3.10100684211024	0.00192863834108342	0.044280788535505
LOC_Os10g30580.MSUR7	970.509322044244	0.979484246956167	0.241548838061483	4.05501535348662	5.01310099063274e-05	0.00191522019566862
LOC_Os10g32550.MSUR7	850.52416619202	4.15822838125757	0.268361895246781	15.4948539822829	3.75813620237204e-54	3.33816448175696e-51
LOC_Os10g33540.MSUR7	44.8093533070454	-2.26717229559926	0.609914937362248	-3.71719424581449	0.000201447558381534	0.00662725161971842
LOC_Os10g33550.MSUR7	50.6576233207614	-1.82483686247442	0.54256928890179	-3.36332501636439	0.00077009639655067	0.0210473268995733
LOC_Os10g34520.MSUR7	214.250642646266	1.80385988958099	0.313240774121848	5.75870077782181	8.47638040152911e-09	7.30098898585041e-07
LOC_Os10g35370.MSUR7	1601.07063565478	1.5917921176407	0.281600937589703	5.65265205174836	1.57990928090259e-08	1.32080415883456e-06
LOC_Os10g35840.MSUR7	1547.09583137456	1.02518569209704	0.313827646426036	3.26671567585635	0.00108802894848995	0.0281146680289803
LOC_Os10g37640.MSUR7	36.7214352805096	2.61198815474343	0.569751224223246	4.58443623057486	4.55212984682498e-06	0.000231053104939559
LOC_Os10g38110.MSUR7	282.233971738302	-1.08651480937956	0.302461910434037	-3.59223681362192	0.000327851704886634	0.0100777731398913
LOC_Os10g38216.MSUR7	119.537860336151	-6.26485864907889	0.795978087933256	-7.8706420993893	3.52825658805341e-15	5.83064914295524e-13
LOC_Os10g38229.MSUR7	34.8773643529207	-3.22446782292144	0.706103298617221	-4.56656671798021	4.95777290574088e-06	0.000249857689845352
LOC_Os10g38234.MSUR7	164.551474284723	-6.15887442587677	0.673740516523677	-9.14131520196372	6.16973578448663e-20	1.4614047494854e-17
LOC_Os10g38238.MSUR7	53.3517878252476	-4.48742795147817	0.741563936173846	-6.05130283793382	1.43679056779245e-09	1.41803246871294e-07
LOC_Os10g38272.MSUR7	43.0529023063048	-2.10628139744567	0.596407497115177	-3.5316145548702	0.000413030918621071	0.0123578850851424
LOC_Os10g38274.MSUR7	499.38539344024	-8.34915481814998	0.787788966128072	-10.5982124364923	3.03730099836332e-26	1.07915304471849e-23
LOC_Os10g38278.MSUR7	18.721652127866	-7.0517562087173	1.59788485124554	-4.41318171532856	1.0186242904565e-05	0.000468554665516982
LOC_Os10g38314.MSUR7	13.7374324665236	5.41889978682559	1.37370361998727	3.94473721112841	7.98875383011307e-05	0.00287433340338144
LOC_Os10g39220.MSUR7	181.637140005446	3.00524119694753	0.338254397063266	8.88455914553991	6.41747394448297e-19	1.38189605604533e-16
LOC_Os10g39410.MSUR7	119.066260040385	2.39469998347714	0.402756744726462	5.94577251612144	2.75156056470916e-09	2.58974693679779e-07
LOC_Os10g39500.MSUR7	16.8998961614385	4.05878123769922	0.912306918760895	4.44892081188193	8.63028252759469e-06	0.000412975000950087
LOC_Os10g39880.MSUR7	23709.4880801419	-6.63360792272326	0.33105575596054	-20.0377362522401	2.58248544535619e-89	6.11704719156704e-86
LOC_Os10g41710.MSUR7	259.971879646567	1.72244158365097	0.295350466164132	5.83185666175239	5.48139976056877e-09	4.83861201224866e-07
LOC_Os10g41820.MSUR7	228.70014523592	1.22977119856563	0.300494777455313	4.09248775962009	4.26769778701041e-05	0.00166627804804923
LOC_Os10g42190.MSUR7	148.392520750967	1.28023868097394	0.390626400683591	3.27739927135888	0.00104768104374848	0.0272704084134676
LOC_Os10g42780.MSUR7	69.9745510656963	-3.03817651932628	0.515996235425426	-5.8879819478167	3.90939808031051e-09	3.53887678454605e-07
LOC_Os11g01154.MSUR7	36.7834708177925	-2.13538965172557	0.603828809275074	-3.53641565113333	0.000405595998271903	0.0121610344460765
LOC_Os11g02440.MSUR7	172.322345838814	-1.12368055104996	0.338317175148515	-3.32138192675759	0.00089572872838355	0.0237945732482
LOC_Os11g04954.MSUR7	22.077685278339	2.75199365577954	0.707008465197048	3.89244795677593	9.9237792269963e-05	0.00349967122516306
LOC_Os11g05050.MSUR7	524.388077085939	-1.05541395424879	0.277037940840721	-3.80963687156333	0.000139171045354922	0.00473181554206735
LOC_Os11g05170.MSUR7	103.762144472312	6.91712901159184	1.64109431189189	4.21494911137533	2.49834516714122e-05	0.00103216516033171
LOC_Os11g05650.MSUR7	44.7965783266495	2.13130959238453	0.515854631004374	4.13160891516055	3.60232933643218e-05	0.00142995556816202
LOC_Os11g05660.MSUR7	16.5002810713473	2.67666378304524	0.804686094363676	3.32634526903547	0.000879928585368639	0.0234186236989871
LOC_Os11g08950.MSUR7	74.1051269348094	1.30464597188111	0.417740705445463	3.12309993944661	0.00178956970243303	0.0417083876059017
LOC_Os11g09160.MSUR7	43.9792905823449	3.05683097036914	0.543887008101755	5.62034195491804	1.90579863857225e-08	1.55662127881545e-06
LOC_Os11g09280.MSUR7	256.483733998654	2.51529535916803	0.29716663212603	8.46425906291282	2.57786242223794e-17	4.82060272958494e-15
LOC_Os11g11020.MSUR7	54.4140136999883	2.17329777316815	0.466399414004803	4.65973521387351	3.16616408361611e-06	0.000167901208792359
LOC_Os11g13980.MSUR7	69.7320905545251	8.7677649347175	1.46864728345371	5.96995959036466	2.37312357054188e-09	2.26354578419739e-07
LOC_Os11g18366.MSUR7	53.6802650975513	-1.82659773026975	0.505640084626926	-3.61244645312775	0.000303321755208624	0.00937132344570644
LOC_Os11g18570.MSUR7	365.656852029371	-1.36893025489306	0.367017550732843	-3.729876819677	0.000191573404483607	0.00634648304084155
LOC_Os11g18730.MSUR7	175.240986893332	-1.48357342538408	0.335078714102383	-4.42753706202529	9.53151987471581e-06	0.000448292043826576
LOC_Os11g24560.MSUR7	196.260461648295	1.21875724712856	0.332491113049644	3.66553330087529	0.000246823689513936	0.00797240517130015
LOC_Os11g28340.MSUR7	103.239124719363	2.03340673605956	0.373191849616418	5.44869009907258	5.07421377291548e-08	3.91927859460189e-06
LOC_Os11g29200.MSUR7	211.218405677115	1.38335539621122	0.309962755391397	4.46297296094308	8.08302562507005e-06	0.000388094460079377
LOC_Os11g32890.MSUR7	17.6297040037288	8.22324752161724	1.61511655270646	5.09142668858015	3.5537927828884e-07	2.31681206561513e-05
LOC_Os11g37980.MSUR7	33.9802323871799	1.8606424761239	0.556910877099918	3.34100581014523	0.000834754761609585	0.0223418732052644
LOC_Os11g38870.MSUR7	36.210176352503	2.1525769923738	0.67933891935177	3.16863487584047	0.0015315666778109	0.0367679486909604
LOC_Os11g42220.MSUR7	50.8462631103077	-1.9232340748667	0.543285154936682	-3.54000851558487	0.000400114121438223	0.01207308257724
LOC_Os11g42550.MSUR7	459.760663919905	-0.900080962939719	0.27265454390927	-3.30117719673594	0.00096280054795007	0.0252926458178676
LOC_Os11g44800.MSUR7	27.0465192123273	2.54269156726349	0.720365353312042	3.52972495910984	0.000415991880244763	0.0124202377818016
LOC_Os12g02910.MSUR7	34.6753254164249	3.57861689214689	0.625522935472172	5.72100028505845	1.05898719770434e-08	9.01217128968506e-07
LOC_Os12g02980.MSUR7	39.4428612077651	-2.29818193765111	0.651396982306576	-3.52808195320973	0.000418582540694811	0.0124221008834488
LOC_Os12g05050.MSUR7	262.359672808339	1.66509530014148	0.359430625950995	4.63259160439072	3.61116463657858e-06	0.000190081006722425
LOC_Os12g06020.MSUR7	114.512953866631	1.20510423636191	0.358661913459197	3.36000057753276	0.000779423095827614	0.0211857272388691
LOC_Os12g10590.MSUR7	50.4396136645669	-4.68682209742443	0.789843245958418	-5.9338636133266	2.95887652040662e-09	2.73062033168954e-07
LOC_Os12g10600.MSUR7	102.504517141891	-1.80459906855029	0.400423518297266	-4.50672596910403	6.58355682891742e-06	0.000322639688457153
LOC_Os12g13130.MSUR7	35.7694318849445	1.93656330716972	0.552896869973311	3.50257599986631	0.000460782309464704	0.0134468956511548
LOC_Os12g14939.MSUR7	513.407581759216	1.00726818518109	0.271697227929547	3.7073185945139	0.000209465359916499	0.0068592665786481
LOC_Os12g15470.MSUR7	109.252183280611	-1.39859812999374	0.386173788637034	-3.62168062967186	0.000292695328675202	0.00919231089813402
LOC_Os12g17910.MSUR7	1475.82081293918	1.19196715379553	0.250379981080715	4.76063281357656	1.92986883929238e-06	0.000108838475968346
LOC_Os12g19580.MSUR7	6541.13849095212	4.20754147861354	0.693584809435812	6.06636913232876	1.30834238939741e-09	1.30944803085324e-07
LOC_Os12g31850.MSUR7	165.811326518502	-1.6626893829786	0.351802483223195	-4.72620138364325	2.28758787774766e-06	0.000126502719527431
LOC_Os12g32230.MSUR7	152.996085883665	-1.50890965953644	0.341658534873251	-4.41642606731958	1.00346200449322e-05	0.000466052353197964
LOC_Os12g32986.MSUR7	1060.30192677161	1.91883738272536	0.287139995769222	6.68258484014031	2.34763963487963e-11	2.78038787424244e-09
LOC_Os12g34550.MSUR7	66.4978700185466	-1.59273531649499	0.467524811088554	-3.40673966112423	0.000657438032255754	0.0183927348709031
LOC_Os12g35560.MSUR7	74.0626675651023	1.95174248337913	0.414017094432423	4.71415917271429	2.42710884700817e-06	0.000133697949355349
LOC_Os12g36880.MSUR7	62.4733603773916	-3.00474113051336	0.551403688011463	-5.44925831263373	5.05803060173498e-08	3.91927859460189e-06
LOC_Os12g38780.MSUR7	80.5482289122071	1.43387674192496	0.395459673577635	3.62584819067137	0.000288014526837197	0.00907644934254461
LOC_Os12g39320.MSUR7	156.835385306028	1.93319757433289	0.343376927626737	5.62995769021017	1.80253833421853e-08	1.48079045120889e-06
LOC_Os12g39860.MSUR7	322.047363510151	-1.45366850488295	0.377570326115045	-3.85006025192778	0.000118088771525143	0.00409336005101302
LOC_Os12g39930.MSUR7	216.703971018116	1.05262065828262	0.310560235628543	3.38942510187185	0.000700393393008281	0.0194034910359331
LOC_Os12g40780.MSUR7	12.9265497163975	6.3424635408552	1.65075548714236	3.84215808474136	0.000121957241191976	0.00419674651772486
LOC_Os12g40920.MSUR7	33.809822882449	-2.84532271072919	0.695750216917765	-4.08957502497696	4.32164268557356e-05	0.00168014167436023
LOC_Os12g41930.MSUR7	107.9000865105	2.53876759123264	0.418758646819783	6.06260338864172	1.33935655920561e-09	1.33111436499511e-07
LOC_Os12g42300.MSUR7	155.012322926246	-1.50813216129923	0.347701272871245	-4.33743641156499	1.44154220456356e-05	0.000630375317269455
